1.4898199402290728
1 1 9.1000 4.6000 0.0000 -0.5236 2.0000
1 2 9.2936 4.5338 -0.0295 0.5236 -2.0000
1 3 9.0964 4.4792 -0.0589 0.7854 -2.0000
1 4 8.9017 4.4007 -0.1026 0.0000 -2.0000
1 5 8.7027 4.4212 -0.1026 -0.7854 -2.0000
1 6 8.5231 4.5299 -0.0589 0.7854 -2.0000
1 7 8.3284 4.4515 -0.1026 -0.5236 -2.0000
1 8 8.1402 4.5316 -0.0731 -0.7854 -2.0000
1 9 7.9574 4.6350 -0.0295 0.0000 -2.0000
1 10 7.7575 4.6409 -0.0295 -0.7854 -2.0000
1 11 7.5705 4.7362 0.0142 0.0000 -2.0000
1 12 7.3705 4.7334 0.0142 -0.7854 -2.0000
1 13 7.1794 4.8204 0.0579 0.0000 -2.0000
1 14 6.9798 4.8089 0.0579 -0.5236 -2.0000
1 15 6.7812 4.8579 0.0873 0.2618 -2.0000
1 16 6.5859 4.8091 0.0720 -0.5236 -2.0000
1 17 6.3866 4.8554 0.1014 -0.5236 -2.0000
1 18 6.1860 4.8957 0.1309 0.2618 -2.0000
1 19 5.9931 4.8385 0.1155 -0.5236 -2.0000
1 20 5.7920 4.8760 0.1449 0.2618 -2.0000
1 21 5.5998 4.8161 0.1296 -0.5236 -2.0000
1 22 5.3982 4.8508 0.1590 -0.7854 -2.0000
1 23 5.1966 4.9094 0.2027 -0.5236 -2.0000
1 24 4.9930 4.9292 0.2321 -0.7854 -2.0000
1 25 4.7876 4.9730 0.2758 -0.5236 -2.0000
1 26 4.5831 4.9779 0.3053 -0.5236 -2.0000
1 27 4.3785 4.9768 0.3347 -0.7854 -2.0000
1 28 4.1698 4.9992 0.3784 -0.5236 -2.0000
1 29 3.9658 4.9832 0.4078 -0.7854 -2.0000
1 30 3.7560 4.9903 0.4515 -0.2618 -2.0000
1 31 3.5634 4.9320 0.4669 0.5236 -2.0000
1 32 3.4161 4.7901 0.4374 0.0000 -2.0000
1 33 3.2349 4.7053 0.4374 -0.7854 -2.0000
1 34 3.0249 4.7062 0.4811 0.0000 -2.0000
1 35 2.8476 4.6137 0.4811 -0.5236 -2.0000
1 36 2.6464 4.5768 0.5106 -0.7854 -2.0000
1 37 2.4369 4.5624 0.5542 0.2618 -2.0000
1 38 2.2845 4.4310 0.5388 -0.5236 -2.0000
1 39 2.0858 4.3826 0.5683 -0.7854 -2.0000
1 40 1.8775 4.3561 0.6120 -0.7854 -2.0000
1 41 1.6706 4.3205 0.6556 -0.2618 -2.0000
1 42 1.4938 4.2243 0.6710 -0.2618 -2.0000
1 43 1.3185 4.1254 0.6864 -0.2618 -2.0000
1 44 1.1447 4.0239 0.7018 -0.2618 -2.0000
1 45 0.9726 3.9196 0.7172 0.5236 -2.0000
1 46 0.8650 3.7456 0.6877 -0.5236 -2.0000
1 47 0.6756 3.6683 0.7172 -0.5236 -2.0000
1 48 0.4886 3.5853 0.7466 0.2618 -2.0000
1 49 0.3641 3.4272 0.7312 0.2618 -2.0000
1 50 0.2372 3.2710 0.7159 -0.5236 -2.0000
1 51 0.0501 3.1883 0.7453 -0.2618 -2.0000
1 52 -0.1174 3.0767 0.7607 -0.2618 -2.0000
1 53 -0.2831 2.9625 0.7761 -0.2618 -2.0000
1 54 -0.4471 2.8458 0.7915 0.7854 -2.0000
1 55 -0.5166 2.6477 0.7478 0.2618 -2.0000
1 56 -0.6409 2.4894 0.7324 0.2618 -2.0000
1 57 -0.7676 2.3330 0.7170 0.2618 -2.0000
1 58 -0.8967 2.1786 0.7016 0.5236 -2.0000
1 59 -1.0070 2.0063 0.6722 0.5236 -2.0000
1 60 -1.1223 1.8373 0.6427 0.7854 -2.0000
1 61 -1.2204 1.6517 0.5991 0.0000 0.0000
