1.7727395929163632
3 1 9.6000 3.1500 0.0000 0.0000 -2.0000
3 2 9.4000 3.1500 0.0000 -0.2618 -2.0000
3 3 9.2012 3.1815 0.0154 -0.2618 -2.0000
3 4 9.0020 3.2100 0.0308 0.5236 -2.0000
3 5 8.8085 3.1436 0.0013 -0.7854 -2.0000
3 6 8.6186 3.2331 0.0450 -0.7854 -2.0000
3 7 8.4249 3.3143 0.0887 -0.7854 -2.0000
3 8 8.2280 3.3869 0.1323 -0.2618 -2.0000
3 9 8.0268 3.3919 0.1477 0.5236 -2.0000
3 10 7.8423 3.3034 0.1183 -0.7854 -2.0000
3 11 7.6433 3.3701 0.1619 -0.7854 -2.0000
3 12 7.4415 3.4281 0.2056 0.0000 -2.0000
3 13 7.2457 3.3873 0.2056 0.7854 -2.0000
3 14 7.0782 3.2606 0.1619 0.2618 -2.0000
3 15 6.8872 3.1975 0.1466 -0.5236 -2.0000
3 16 6.6850 3.2287 0.1760 -0.7854 -2.0000
3 17 6.4824 3.2839 0.2197 0.0000 -2.0000
3 18 6.2872 3.2403 0.2197 0.7854 -2.0000
3 19 6.1215 3.1113 0.1760 0.7854 -2.0000
3 20 5.9504 2.9897 0.1323 -0.2618 -2.0000
3 21 5.7492 2.9947 0.1477 0.5236 -2.0000
3 22 5.5648 2.9062 0.1183 -0.7854 -2.0000
3 23 5.3657 2.9729 0.1619 0.0000 -2.0000
3 24 5.1683 2.9407 0.1619 0.0000 -2.0000
3 25 4.9710 2.9084 0.1619 -0.7854 -2.0000
3 26 4.7692 2.9664 0.2056 -0.5236 -2.0000
3 27 4.5655 2.9857 0.2351 0.2618 -2.0000
3 28 4.3795 2.9087 0.2197 0.2618 -2.0000
3 29 4.1924 2.8346 0.2043 0.0000 -2.0000
3 30 3.9966 2.7940 0.2043 0.7854 -2.0000
3 31 3.8290 2.6676 0.1606 0.5236 -2.0000
3 32 3.6457 2.5767 0.1312 0.5236 -2.0000
3 33 3.4598 2.4912 0.1017 0.7854 -2.0000
3 34 3.2801 2.3826 0.0581 -0.7854 0.0000
