1.6407437208447602
3 1 9.6000 3.1500 0.0000 -0.7854 -2.0000
3 2 9.4102 3.2398 0.0437 0.0000 -2.0000
3 3 9.2104 3.2310 0.0437 -0.5236 -2.0000
3 4 9.0125 3.2829 0.0731 0.2618 -2.0000
3 5 8.8166 3.2369 0.0577 -0.5236 -2.0000
3 6 8.6179 3.2860 0.0872 -0.2618 -2.0000
3 7 8.4172 3.3001 0.1026 0.0000 -2.0000
3 8 8.2182 3.2796 0.1026 -0.5236 -2.0000
3 9 8.0176 3.3197 0.1320 0.2618 -2.0000
3 10 7.8247 3.2623 0.1166 -0.7854 -2.0000
3 11 7.6258 3.3294 0.1603 -0.2618 -2.0000
3 12 7.4245 3.3288 0.1757 -0.7854 -2.0000
3 13 7.2220 3.3840 0.2194 0.0000 -2.0000
3 14 7.0268 3.3405 0.2194 -0.7854 -2.0000
3 15 6.8220 3.3868 0.2630 0.0000 -2.0000
3 16 6.6289 3.3348 0.2630 -0.2618 -2.0000
3 17 6.4287 3.3135 0.2784 0.5236 -2.0000
3 18 6.2574 3.2017 0.2490 -0.7854 -2.0000
3 19 6.0514 3.2419 0.2927 -0.7854 -2.0000
3 20 5.8437 3.2731 0.3363 0.2618 -2.0000
3 21 5.6665 3.1778 0.3209 -0.7854 -2.0000
3 22 5.4581 3.2031 0.3646 -0.7854 -2.0000
3 23 5.2488 3.2193 0.4083 0.0000 -2.0000
3 24 5.0652 3.1399 0.4083 -0.7854 -2.0000
3 25 4.8554 3.1469 0.4520 -0.5236 -2.0000
3 26 4.6532 3.1159 0.4814 -0.5236 -2.0000
3 27 4.4519 3.0790 0.5109 -0.5236 -2.0000
3 28 4.2519 3.0361 0.5403 -0.2618 -2.0000
3 29 4.0652 2.9609 0.5557 0.5236 -2.0000
3 30 3.9310 2.8065 0.5263 -0.5236 -2.0000
3 31 3.7317 2.7606 0.5557 0.0000 -2.0000
3 32 3.5618 2.6551 0.5557 -0.2618 -2.0000
3 33 3.3763 2.5770 0.5711 0.2618 -2.0000
3 34 3.2261 2.4430 0.5557 0.0000 -2.0000
3 35 3.0562 2.3375 0.5557 0.7854 -2.0000
3 36 2.9423 2.1611 0.5120 -0.5236 -2.0000
3 37 2.7423 2.1181 0.5415 0.2618 -2.0000
3 38 2.5882 1.9886 0.5261 -0.7854 -2.0000
3 39 2.3790 1.9709 0.5698 -0.7854 -2.0000
3 40 2.1708 1.9441 0.6134 0.7854 -2.0000
3 41 2.0673 1.7615 0.5698 0.5236 -2.0000
3 42 1.9353 1.6051 0.5403 0.2618 -2.0000
3 43 1.7811 1.4758 0.5249 0.2618 -2.0000
3 44 1.6249 1.3489 0.5096 -0.5236 -2.0000
3 45 1.4248 1.3063 0.5390 -0.7854 0.0000
