1 1 9.1000 4.6000 0.0000 -0.3927 -2.0000
1 2 8.9026 4.6461 0.0225 -0.3927 -2.0000
1 3 8.7043 4.6878 0.0450 -0.3927 -2.0000
1 4 8.5050 4.7250 0.0675 -0.3927 -2.0000
1 5 8.3050 4.7577 0.0899 -0.3927 -2.0000
1 6 8.1043 4.7859 0.1124 -0.3927 -2.0000
1 7 7.9030 4.8096 0.1349 -0.3927 -2.0000
1 8 7.7012 4.8288 0.1574 -0.3927 -2.0000
1 9 7.4991 4.8434 0.1799 -0.3927 -2.0000
1 10 7.2966 4.8535 0.2024 -0.3927 -2.0000
1 11 7.0940 4.8590 0.2248 -0.3927 -2.0000
1 12 6.8913 4.8599 0.2473 -0.3927 -2.0000
1 13 6.6887 4.8563 0.2698 -0.3927 -2.0000
1 14 6.4862 4.8482 0.2923 -0.3927 -2.0000
1 15 6.2839 4.8355 0.3148 -0.3927 -2.0000
1 16 6.0819 4.8182 0.3373 -0.3927 -2.0000
1 17 5.8804 4.7965 0.3597 -0.3927 -2.0000
1 18 5.6795 4.7702 0.3822 -0.3927 -2.0000
1 19 5.4791 4.7393 0.4047 -0.3927 -2.0000
1 20 5.2795 4.7040 0.4272 -0.3927 -2.0000
1 21 5.0808 4.6642 0.4497 -0.3927 -2.0000
1 22 4.8830 4.6200 0.4722 -0.3927 -2.0000
1 23 4.6863 4.5713 0.4946 -0.3927 -2.0000
1 24 4.4907 4.5182 0.5171 -0.3927 -2.0000
1 25 4.2963 4.4607 0.5396 -0.3927 -2.0000
1 26 4.1033 4.3989 0.5621 -0.3927 -2.0000
1 27 3.9117 4.3327 0.5846 -0.3927 -2.0000
1 28 3.7216 4.2622 0.6071 -0.3927 -2.0000
1 29 3.5332 4.1875 0.6295 -0.3927 -2.0000
1 30 3.3465 4.1086 0.6520 -0.3927 -2.0000
1 31 3.1617 4.0255 0.6745 -0.3927 -2.0000
1 32 2.9787 3.9383 0.6970 -0.3927 -2.0000
1 33 2.7978 3.8470 0.7195 -0.3927 -2.0000
1 34 2.6189 3.7516 0.7420 -0.3927 -2.0000
1 35 2.4423 3.6522 0.7644 -0.3927 -2.0000
1 36 2.2679 3.5489 0.7869 -0.3927 -2.0000
1 37 2.0959 3.4417 0.8094 -0.3927 -2.0000
1 38 1.9263 3.3306 0.8319 -0.3927 -2.0000
1 39 1.7593 3.2158 0.8544 -0.3927 -2.0000
1 40 1.5949 3.0972 0.8769 -0.3927 -2.0000
1 41 1.4332 2.9750 0.8993 -0.3927 -2.0000
1 42 1.2744 2.8492 0.9218 -0.3927 -2.0000
1 43 1.1183 2.7198 0.9443 -0.3927 -2.0000
1 44 0.9652 2.5870 0.9668 -0.3927 -2.0000
1 45 0.8152 2.4507 0.9893 -0.3927 -2.0000
1 46 0.6682 2.3111 1.0118 -0.3927 -2.0000
1 47 0.5245 2.1683 1.0343 -0.3927 -2.0000
1 48 0.3839 2.0222 1.0567 -0.3927 -2.0000
1 49 0.2467 1.8730 1.0792 -0.3927 -2.0000
1 50 0.1129 1.7208 1.1017 -0.3927 -2.0000
1 51 -0.0175 1.5656 1.1242 -0.3927 -2.0000
1 52 -0.1443 1.4075 1.1467 -0.3927 -2.0000
1 53 -0.2676 1.2466 1.1692 -0.3927 -2.0000
1 54 -0.3872 1.0830 1.1916 -0.3927 -2.0000
2 1 6.3000 5.0600 0.0000 -0.3927 -2.0000
2 2 6.1026 5.1061 0.0225 -0.3927 -2.0000
2 3 5.9043 5.1478 0.0450 -0.3927 -2.0000
2 4 5.7050 5.1850 0.0675 -0.3927 -2.0000
2 5 5.5050 5.2177 0.0899 -0.3927 -2.0000
2 6 5.3043 5.2459 0.1124 -0.3927 -2.0000
2 7 5.1030 5.2696 0.1349 -0.3927 -2.0000
2 8 4.9012 5.2888 0.1574 -0.3927 -2.0000
2 9 4.6991 5.3034 0.1799 -0.3927 -2.0000
2 10 4.4966 5.3135 0.2024 -0.3927 -2.0000
2 11 4.2940 5.3190 0.2248 -0.3927 -2.0000
2 12 4.0913 5.3199 0.2473 -0.3927 -2.0000
2 13 3.8887 5.3163 0.2698 -0.3927 -2.0000
2 14 3.6862 5.3082 0.2923 -0.3927 -2.0000
2 15 3.4839 5.2955 0.3148 -0.3927 -2.0000
2 16 3.2819 5.2782 0.3373 -0.3927 -2.0000
2 17 3.0804 5.2565 0.3597 -0.3927 -2.0000
2 18 2.8795 5.2302 0.3822 -0.3927 -2.0000
2 19 2.6791 5.1993 0.4047 -0.3927 -2.0000
2 20 2.4795 5.1640 0.4272 -0.3927 -2.0000
2 21 2.2808 5.1242 0.4497 -0.3927 -2.0000
2 22 2.0830 5.0800 0.4722 -0.3927 -2.0000
2 23 1.8863 5.0313 0.4946 -0.3927 -2.0000
2 24 1.6907 4.9782 0.5171 -0.3927 -2.0000
2 25 1.4963 4.9207 0.5396 -0.3927 -2.0000
2 26 1.3033 4.8589 0.5621 -0.3927 -2.0000
2 27 1.1117 4.7927 0.5846 -0.3927 -2.0000
2 28 0.9216 4.7222 0.6071 -0.3927 -2.0000
2 29 0.7332 4.6475 0.6295 -0.3927 -2.0000
2 30 0.5465 4.5686 0.6520 -0.3927 -2.0000
2 31 0.3617 4.4855 0.6745 -0.3927 -2.0000
2 32 0.1787 4.3983 0.6970 -0.3927 -2.0000
2 33 -0.0022 4.3070 0.7195 -0.3927 -2.0000
2 34 -0.1811 4.2116 0.7420 -0.3927 -2.0000
2 35 -0.3577 4.1122 0.7644 -0.3927 -2.0000
2 36 -0.5321 4.0089 0.7869 -0.3927 -2.0000
2 37 -0.7041 3.9017 0.8094 -0.3927 -2.0000
2 38 -0.8737 3.7906 0.8319 -0.3927 -2.0000
2 39 -1.0407 3.6758 0.8544 -0.3927 -2.0000
2 40 -1.2051 3.5572 0.8769 -0.3927 -2.0000
2 41 -1.3668 3.4350 0.8993 -0.3927 -2.0000
2 42 -1.5256 3.3092 0.9218 -0.3927 -2.0000
2 43 -1.6817 3.1798 0.9443 -0.3927 -2.0000
2 44 -1.8348 3.0470 0.9668 -0.3927 -2.0000
2 45 -1.9848 2.9107 0.9893 -0.3927 -2.0000
3 1 9.6000 3.1500 0.0000 -0.3927 -2.0000
3 2 9.4026 3.1961 0.0225 -0.3927 -2.0000
3 3 9.2043 3.2378 0.0450 -0.3927 -2.0000
3 4 9.0050 3.2750 0.0675 -0.3927 -2.0000
3 5 8.8050 3.3077 0.0899 -0.3927 -2.0000
3 6 8.6043 3.3359 0.1124 -0.3927 -2.0000
3 7 8.4030 3.3596 0.1349 -0.3927 -2.0000
3 8 8.2012 3.3788 0.1574 -0.3927 -2.0000
3 9 7.9991 3.3934 0.1799 -0.3927 -2.0000
3 10 7.7966 3.4035 0.2024 -0.3927 -2.0000
3 11 7.5940 3.4090 0.2248 -0.3927 -2.0000
3 12 7.3913 3.4099 0.2473 -0.3927 -2.0000
3 13 7.1887 3.4063 0.2698 -0.3927 -2.0000
3 14 6.9862 3.3982 0.2923 -0.3927 -2.0000
3 15 6.7839 3.3855 0.3148 -0.3927 -2.0000
3 16 6.5819 3.3682 0.3373 -0.3927 -2.0000
3 17 6.3804 3.3465 0.3597 -0.3927 -2.0000
3 18 6.1795 3.3202 0.3822 -0.3927 -2.0000
3 19 5.9791 3.2893 0.4047 -0.3927 -2.0000
3 20 5.7795 3.2540 0.4272 -0.3927 -2.0000
3 21 5.5808 3.2142 0.4497 -0.3927 -2.0000
3 22 5.3830 3.1700 0.4722 -0.3927 -2.0000
3 23 5.1863 3.1213 0.4946 -0.3927 -2.0000
3 24 4.9907 3.0682 0.5171 -0.3927 -2.0000
3 25 4.7963 3.0107 0.5396 -0.3927 -2.0000
3 26 4.6033 2.9489 0.5621 -0.3927 -2.0000
3 27 4.4117 2.8827 0.5846 -0.3927 -2.0000
3 28 4.2216 2.8122 0.6071 -0.3927 -2.0000
3 29 4.0332 2.7375 0.6295 -0.3927 -2.0000
3 30 3.8465 2.6586 0.6520 -0.3927 -2.0000
3 31 3.6617 2.5755 0.6745 -0.3927 -2.0000
3 32 3.4787 2.4883 0.6970 -0.3927 -2.0000
3 33 3.2978 2.3970 0.7195 -0.3927 -2.0000
3 34 3.1189 2.3016 0.7420 -0.3927 -2.0000
3 35 2.9423 2.2022 0.7644 -0.3927 -2.0000
3 36 2.7679 2.0989 0.7869 -0.3927 -2.0000
3 37 2.5959 1.9917 0.8094 -0.3927 -2.0000
3 38 2.4263 1.8806 0.8319 -0.3927 -2.0000
3 39 2.2593 1.7658 0.8544 -0.3927 -2.0000
3 40 2.0949 1.6472 0.8769 -0.3927 -2.0000
3 41 1.9332 1.5250 0.8993 -0.3927 -2.0000
3 42 1.7744 1.3992 0.9218 -0.3927 -2.0000
3 43 1.6183 1.2698 0.9443 -0.3927 -2.0000
3 44 1.4652 1.1370 0.9668 -0.3927 -2.0000
3 45 1.3152 1.0007 0.9893 -0.3927 -2.0000
4 1 7.3000 5.7500 0.0000 -0.3927 -2.0000
4 2 7.1026 5.7961 0.0225 -0.3927 -2.0000
4 3 6.9043 5.8378 0.0450 -0.3927 -2.0000
4 4 6.7050 5.8750 0.0675 -0.3927 -2.0000
4 5 6.5050 5.9077 0.0899 -0.3927 -2.0000
4 6 6.3043 5.9359 0.1124 -0.3927 -2.0000
4 7 6.1030 5.9596 0.1349 -0.3927 -2.0000
4 8 5.9012 5.9788 0.1574 -0.3927 -2.0000
4 9 5.6991 5.9934 0.1799 -0.3927 -2.0000
4 10 5.4966 6.0035 0.2024 -0.3927 -2.0000
4 11 5.2940 6.0090 0.2248 -0.3927 -2.0000
4 12 5.0913 6.0099 0.2473 -0.3927 -2.0000
4 13 4.8887 6.0063 0.2698 -0.3927 -2.0000
4 14 4.6862 5.9982 0.2923 -0.3927 -2.0000
4 15 4.4839 5.9855 0.3148 -0.3927 -2.0000
4 16 4.2819 5.9682 0.3373 -0.3927 -2.0000
4 17 4.0804 5.9465 0.3597 -0.3927 -2.0000
4 18 3.8795 5.9202 0.3822 -0.3927 -2.0000
4 19 3.6791 5.8893 0.4047 -0.3927 -2.0000
4 20 3.4795 5.8540 0.4272 -0.3927 -2.0000
4 21 3.2808 5.8142 0.4497 -0.3927 -2.0000
4 22 3.0830 5.7700 0.4722 -0.3927 -2.0000
4 23 2.8863 5.7213 0.4946 -0.3927 -2.0000
4 24 2.6907 5.6682 0.5171 -0.3927 -2.0000
4 25 2.4963 5.6107 0.5396 -0.3927 -2.0000
4 26 2.3033 5.5489 0.5621 -0.3927 -2.0000
4 27 2.1117 5.4827 0.5846 -0.3927 -2.0000
4 28 1.9216 5.4122 0.6071 -0.3927 -2.0000
4 29 1.7332 5.3375 0.6295 -0.3927 -2.0000
4 30 1.5465 5.2586 0.6520 -0.3927 -2.0000
4 31 1.3617 5.1755 0.6745 -0.3927 -2.0000
4 32 1.1787 5.0883 0.6970 -0.3927 -2.0000
4 33 0.9978 4.9970 0.7195 -0.3927 -2.0000
4 34 0.8189 4.9016 0.7420 -0.3927 -2.0000
4 35 0.6423 4.8022 0.7644 -0.3927 -2.0000
4 36 0.4679 4.6989 0.7869 -0.3927 -2.0000
4 37 0.2959 4.5917 0.8094 -0.3927 -2.0000
4 38 0.1263 4.4806 0.8319 -0.3927 -2.0000
4 39 -0.0407 4.3658 0.8544 -0.3927 -2.0000
4 40 -0.2051 4.2472 0.8769 -0.3927 -2.0000
4 41 -0.3668 4.1250 0.8993 -0.3927 -2.0000
4 42 -0.5256 3.9992 0.9218 -0.3927 -2.0000
4 43 -0.6817 3.8698 0.9443 -0.3927 -2.0000
4 44 -0.8348 3.7370 0.9668 -0.3927 -2.0000
4 45 -0.9848 3.6007 0.9893 -0.3927 -2.0000
4 46 -1.1318 3.4611 1.0118 -0.3927 -2.0000
4 47 -1.2755 3.3183 1.0343 -0.3927 -2.0000
4 48 -1.4161 3.1722 1.0567 -0.3927 -2.0000
4 49 -1.5533 3.0230 1.0792 -0.3927 -2.0000
4 50 -1.6871 2.8708 1.1017 -0.3927 -2.0000
4 51 -1.8175 2.7156 1.1242 -0.3927 -2.0000
4 52 -1.9443 2.5575 1.1467 -0.3927 -2.0000
4 53 -2.0676 2.3966 1.1692 -0.3927 -2.0000
4 54 -2.1872 2.2330 1.1916 -0.3927 -2.0000
4 55 -2.3031 2.0667 1.2141 -0.3927 -2.0000
5 1 10.1000 6.2100 0.0000 -0.3927 -2.0000
5 2 9.9026 6.2561 0.0225 -0.3927 -2.0000
5 3 9.7043 6.2978 0.0450 -0.3927 -2.0000
5 4 9.5050 6.3350 0.0675 -0.3927 -2.0000
5 5 9.3050 6.3677 0.0899 -0.3927 -2.0000
5 6 9.1043 6.3959 0.1124 -0.3927 -2.0000
5 7 8.9030 6.4196 0.1349 -0.3927 -2.0000
5 8 8.7012 6.4388 0.1574 -0.3927 -2.0000
5 9 8.4991 6.4534 0.1799 -0.3927 -2.0000
5 10 8.2966 6.4635 0.2024 -0.3927 -2.0000
