5.053457000968337
3 1 9.6000 3.1500 0.0000 -0.3927 -2.0000
3 2 9.4026 3.1961 0.0225 -0.3927 -2.0000
3 3 9.2043 3.2378 0.0450 -0.3927 -2.0000
3 4 9.0050 3.2750 0.0675 -0.3927 -2.0000
3 5 8.8050 3.3077 0.0899 -0.3927 -2.0000
3 6 8.6043 3.3359 0.1124 -0.3927 -2.0000
3 7 8.4030 3.3596 0.1349 -0.3927 -2.0000
3 8 8.2012 3.3788 0.1574 -0.3927 -2.0000
3 9 7.9991 3.3934 0.1799 -0.3927 -2.0000
3 10 7.7966 3.4035 0.2024 -0.3927 -2.0000
3 11 7.5940 3.4090 0.2248 -0.3927 -2.0000
3 12 7.3913 3.4099 0.2473 0.0000 -2.0000
3 13 7.1974 3.3610 0.2473 0.0000 -2.0000
3 14 7.0035 3.3120 0.2473 0.0000 -2.0000
3 15 6.8096 3.2631 0.2473 0.0000 -2.0000
3 16 6.6157 3.2141 0.2473 0.0000 -2.0000
3 17 6.4218 3.1651 0.2473 0.0000 -2.0000
3 18 6.2279 3.1162 0.2473 0.0000 -2.0000
3 19 6.0339 3.0672 0.2473 0.0000 -2.0000
3 20 5.8400 3.0183 0.2473 0.0000 -2.0000
3 21 5.6461 2.9693 0.2473 -0.3927 -2.0000
3 22 5.4435 2.9657 0.2698 0.0000 -2.0000
3 23 5.2507 2.9124 0.2698 -0.3927 -2.0000
3 24 5.0482 2.9042 0.2923 0.0000 -2.0000
3 25 4.8567 2.8466 0.2923 -0.3927 -2.0000
3 26 4.6544 2.8339 0.3148 0.0000 -2.0000
3 27 4.4642 2.7720 0.3148 0.0000 -2.0000
3 28 4.2740 2.7101 0.3148 0.0000 -2.0000
3 29 4.0839 2.6481 0.3148 0.0000 -2.0000
3 30 3.8937 2.5862 0.3148 0.0000 -2.0000
3 31 3.7035 2.5243 0.3148 0.0000 -2.0000
3 32 3.5133 2.4624 0.3148 0.0000 -2.0000
3 33 3.3232 2.4005 0.3148 0.0000 -2.0000
3 34 3.1330 2.3385 0.3148 0.0000 -2.0000
3 35 2.9428 2.2766 0.3148 0.0000 -2.0000
3 36 2.7526 2.2147 0.3148 0.0000 -2.0000
3 37 2.5625 2.1528 0.3148 0.0000 -2.0000
3 38 2.3723 2.0909 0.3148 0.0000 -2.0000
3 39 2.1821 2.0289 0.3148 0.0000 -2.0000
3 40 1.9919 1.9670 0.3148 0.0000 -2.0000
3 41 1.8018 1.9051 0.3148 0.0000 -2.0000
3 42 1.6116 1.8432 0.3148 0.0000 -2.0000
3 43 1.4214 1.7813 0.3148 0.0000 -2.0000
3 44 1.2313 1.7193 0.3148 0.0000 -2.0000
3 45 1.0411 1.6574 0.3148 0.0000 -2.0000
3 46 0.8509 1.5955 0.3148 0.0000 -2.0000
3 47 0.6607 1.5336 0.3148 0.0000 -2.0000
3 48 0.4706 1.4717 0.3148 0.7854 -2.0000
3 49 0.3179 1.3275 0.2711 0.7854 -2.0000
3 50 0.1591 1.1902 0.2274 0.7854 -2.0000
3 51 -0.0056 1.0600 0.1837 0.7854 -2.0000
3 52 -0.1758 0.9370 0.1401 0.7854 -2.0000
3 53 -0.3512 0.8217 0.0964 0.7854 -2.0000
3 54 -0.5314 0.7140 0.0527 0.7854 -2.0000
7.576016540296057
1 1 9.1000 4.6000 0.0000 0.0000 -2.0000
1 2 8.9000 4.6000 0.0000 0.0000 -2.0000
1 3 8.7000 4.6000 0.0000 0.0000 -2.0000
1 4 8.5000 4.6000 0.0000 -0.3927 -2.0000
1 5 8.3026 4.6461 0.0225 -0.3927 -2.0000
1 6 8.1043 4.6878 0.0450 -0.3927 -2.0000
1 7 7.9050 4.7250 0.0675 -0.3927 -2.0000
1 8 7.7050 4.7577 0.0899 -0.3927 -2.0000
1 9 7.5043 4.7859 0.1124 -0.3927 -2.0000
1 10 7.3030 4.8096 0.1349 -0.3927 -2.0000
1 11 7.1012 4.8288 0.1574 -0.3927 -2.0000
1 12 6.8991 4.8434 0.1799 -0.3927 -2.0000
1 13 6.6966 4.8535 0.2024 -0.3927 -2.0000
1 14 6.4940 4.8590 0.2248 -0.3927 -2.0000
1 15 6.2913 4.8599 0.2473 -0.3927 -2.0000
1 16 6.0887 4.8563 0.2698 -0.3927 -2.0000
1 17 5.8862 4.8482 0.2923 -0.3927 -2.0000
1 18 5.6839 4.8355 0.3148 -0.3927 -2.0000
1 19 5.4819 4.8182 0.3373 -0.3927 -2.0000
1 20 5.2804 4.7965 0.3597 -0.3927 -2.0000
1 21 5.0795 4.7702 0.3822 -0.3927 -2.0000
1 22 4.8791 4.7393 0.4047 -0.3927 -2.0000
1 23 4.6795 4.7040 0.4272 -0.3927 -2.0000
1 24 4.4808 4.6642 0.4497 -0.3927 -2.0000
1 25 4.2830 4.6200 0.4722 -0.3927 -2.0000
1 26 4.0863 4.5713 0.4946 -0.3927 -2.0000
1 27 3.8907 4.5182 0.5171 -0.3927 -2.0000
1 28 3.6963 4.4607 0.5396 -0.3927 -2.0000
1 29 3.5033 4.3989 0.5621 -0.3927 -2.0000
1 30 3.3117 4.3327 0.5846 -0.3927 -2.0000
1 31 3.1216 4.2622 0.6071 -0.3927 -2.0000
1 32 2.9332 4.1875 0.6295 -0.3927 -2.0000
1 33 2.7465 4.1086 0.6520 -0.3927 -2.0000
1 34 2.5617 4.0255 0.6745 -0.3927 -2.0000
1 35 2.3787 3.9383 0.6970 -0.3927 -2.0000
1 36 2.1978 3.8470 0.7195 -0.3927 -2.0000
1 37 2.0189 3.7516 0.7420 -0.3927 -2.0000
1 38 1.8423 3.6522 0.7644 -0.3927 -2.0000
1 39 1.6679 3.5489 0.7869 -0.3927 -2.0000
1 40 1.4959 3.4417 0.8094 -0.3927 -2.0000
1 41 1.3263 3.3306 0.8319 -0.3927 -2.0000
1 42 1.1593 3.2158 0.8544 -0.7854 -2.0000
1 43 0.9670 3.1316 0.8981 -0.7854 -2.0000
1 44 0.7785 3.0391 0.9417 -0.7854 -2.0000
1 45 0.5943 2.9385 0.9854 0.0000 -2.0000
1 46 0.4838 2.7718 0.9854 0.0000 -2.0000
1 47 0.3733 2.6051 0.9854 0.7854 -2.0000
1 48 0.3432 2.3973 0.9417 0.7854 -2.0000
1 49 0.3041 2.1910 0.8981 0.7854 -2.0000
1 50 0.2561 1.9866 0.8544 0.7854 -2.0000
1 51 0.1991 1.7846 0.8107 0.7854 -2.0000
1 52 0.1334 1.5852 0.7670 0.7854 -1.0000
1 53 0.0973 1.4866 0.7452 0.7854 -1.0000
1 54 0.0591 1.3888 0.7234 0.7854 -1.0000
1 55 0.0187 1.2919 0.7015 0.7854 -1.0000
1 56 -0.0237 1.1959 0.6797 0.7854 -1.0000
1 57 -0.0683 1.1008 0.6578 0.7854 -1.0000
1 58 -0.1149 1.0068 0.6360 -0.3927 2.0000
1 59 0.0730 1.0827 0.6135 0.7854 -1.0000
1 60 0.0222 0.9908 0.5917 -0.3927 2.0000
1 61 0.2134 1.0583 0.5692 0.7854 -1.0000
1 62 0.1586 0.9688 0.5474 -0.7854 1.0000
1 63 0.2633 0.9764 0.5255 0.7854 -2.0000
1 64 0.1441 0.8035 0.4819 -0.7854 1.0000
1 65 0.2491 0.8043 0.4600 -0.7854 1.0000
1 66 0.3541 0.8028 0.4382 -0.7854 1.0000
1 67 0.4590 0.7990 0.4163 -0.7854 1.0000
1 68 0.5638 0.7929 0.3945 -0.7854 1.0000
1 69 0.6684 0.7845 0.3727 0.3927 -2.0000
1 70 0.5014 0.6696 0.3502 -0.7854 1.0000
1 71 0.6056 0.6566 0.3284 -0.7854 1.0000
1 72 0.7095 0.6413 0.3065 0.3927 -2.0000
1 73 0.5352 0.5378 0.2840 -0.7854 1.0000
1 74 0.6383 0.5179 0.2622 0.7854 -2.0000
1 75 0.4782 0.3820 0.2185 0.7854 -2.0000
1 76 0.3124 0.2532 0.1748 -0.7854 1.0000
1 77 0.4127 0.2222 0.1530 0.7854 -2.0000
1 78 0.2388 0.1046 0.1093 -0.7854 1.0000
1 79 0.3369 0.0671 0.0875 0.7854 -2.0000
1 80 0.1557 -0.0389 0.0438 -0.7854 1.0000
