Fmax = 1200
krokcalk = 0.05
g = 9.8135
tar = 0.03
masawoz = 25
masawah = 20
drw = 23
1  -0.46153528960925283  0.8310113162016467  2.2382441773092343  -1.1163809909554856  -1200.0
1  -0.41810018716343555  0.9092530266689463  2.1279144661438294  -3.337569646044218  -1200.0
1  -0.37060485494072026  0.9935725666698508  1.9044271424344323  -5.6438369365192855  -1200.0
1  -0.3187389469090499  1.0841170782640444  1.563496716465876  -8.034147134779133  -1200.0
1  -0.26219134443161707  1.18069652727799  1.1010238708440472  -10.500726029825048  -1200.0
1  -0.20067107218864788  1.2826006367588865  0.513506957611317  -13.025718394902281  -1200.0
1  -0.1339382858059814  1.3883919866405086  -0.20136376211463247  -15.5774550697627  -1200.0
1  -0.06184558808135833  1.4957333774389834  -1.0439265079389033  -18.10736594937531  1200.0
1  0.01042256506046374  1.3925254676247922  -1.8920176597486722  -15.744874995112358  1200.0
1  0.07742928177257924  1.2869105349200998  -2.6188804778525285  -13.29103379275262  1200.0
1  0.13913225112280064  1.1817413963751537  -3.221519039134434  -10.803550872626257  1200.0
1  0.19561652077249317  1.0791611819271856  -3.699530384841094  -8.326688921856467  1200.0
1  0.24705578708656348  0.9805753470651024  -4.054375777007625  -5.89080344073432  1200.0
1  0.2936766676276702  0.8867548314727401  -4.288706780632016  -3.514220514325603  -1200.0
1  0.34041058868806573  0.9803180033929685  -4.518285490994064  -5.617828805438839  1200.0
1  0.3871850981655697  0.8936907251357029  -4.740142221603037  -3.2975218790436203  1200.0
1  0.4297758898449954  0.8129024727442724  -4.84801077685337  -1.0589133494210525  -1200.0
1  0.4726346657473539  0.899008455277694  -4.95134141022476  -3.0213396659112295  1200.0
1  0.515686423227001  0.8261854982775698  -5.04709082131242  -0.8528937920216184  1200.0
1  0.5552469886612372  0.7591227285217921  -5.036549521653404  1.2332046057731274  -1200.0
1  0.5952196241561338  0.8374469550398204  -5.021858177667922  -0.5949322070916914  1200.0
1  0.635535898925257  0.7780775372062998  -5.000075571649748  1.425714302232687  -1200.0
1  0.6762964763857129  0.850024611734042  -4.9728059648383915  -0.283982399558252  1200.0
1  0.7174376227290542  0.7984195599735967  -4.937049933917792  1.6759113925118396  1200.0
1  0.7561324295193687  0.7519033374563301  -4.805122233424717  3.5669801049661167  -1200.0
1  0.7953798304954897  0.8159334608283438  -4.667439006880756  1.9862839783431785  1200.0
1  0.8351301406487355  0.7765058728189214  -4.52123010460861  3.8310178615777843  -1200.0
1  0.8754575070718289  0.8346408847663325  -4.367606558845137  2.3582357646481604  1200.0
1  0.9163220314080666  0.8022501009329324  -4.203846541676497  4.1649289982121225  -1200.0
1  0.957790664600858  0.8546854401613764  -4.030849511261421  2.797002950298473  -1200.0
1  1.0017902018644638  0.903509973944031  -3.92414057259094  1.5138005416775717  1200.0
1  1.0463487190370322  0.8810896325415439  -3.802932303449861  3.3130005637515403  -1200.0
1  1.0915291641130458  0.9245232280032212  -3.66779376218346  2.1315810851499863  1200.0
1  1.1373253778523726  0.909470908078833  -3.5161642198494567  3.9175925382801395  -1200.0
1  1.1837946419588703  0.9478734185729002  -3.3483028378011745  2.832235035607635  1200.0
1  1.2309454465783847  0.9402219347165022  -3.161790224160067  4.618176770022972  -1200.0
1  1.2788314042503546  0.9739581537377205  -2.9565472864563  3.623062754462307  1200.0
1  1.3274757280652316  0.9738370024817238  -2.730295968303811  5.423237768586132  -1200.0
1  1.3769309224689987  1.0032630346654874  -2.4825874199669666  4.51262209193365  -1200.0
1  1.427802641807312  1.0305658076966435  -2.2790653661196925  3.6539538502582296  1200.0
1  1.479571261432934  1.042277560666479  -2.049952511634563  5.5174160097333615  -1200.0
1  1.532295810182884  1.065780190954874  -1.7941607986050294  4.735550599032419  -1200.0
2  0.2623183219803316  0.15820521979194757  -7.644994332078429  7.653716326688156  -1200.0
2  0.27285016901780007  0.26275471792397664  -7.3214466181759414  5.295083138539148  -1200.0
2  0.2885900453192683  0.36630464701485865  -7.115407852247289  2.958133630280212  -1200.0
2  0.3094762946489748  0.46834774721646943  -7.025543509797523  0.6536989017729367  1200.0
2  0.3307935498505597  0.3858616888639546  -6.938223971411518  2.8163799133774923  -1200.0
2  0.3526074086055874  0.48574209510056704  -6.854493438593802  0.5530769908751054  1200.0
2  0.37489243865108124  0.4072985181200811  -6.773258988640755  2.6716949524965443  1200.0
2  0.3933315880491567  0.33166855249867877  -6.587248211537971  4.747521467782622  -1200.0
2  0.4123657886868292  0.42877604125198177  -6.405809498831951  2.5293712093807392  -1200.0
2  0.43620372642381505  0.5235131127451489  -6.334203335718084  0.3606612369864184  1200.0
2  0.46057352570250476  0.4531102047712066  -6.264626292675343  2.394940220179528  1200.0
2  0.4815090769879825  0.38590214173389603  -6.094631884455842  4.380841953227465  -1200.0
2  0.5031051810836729  0.4767611665012536  -5.928891741385818  2.273402106055074  -1200.0
2  0.5291797463509328  0.5647496953997599  -5.8671853773814915  0.225736233934128  1200.0
2  0.5558338360348487  0.503373539181425  -5.8065360862243365  2.171184396093735  1200.0
2  0.5795116872399495  0.4454662628523626  -5.649991163671096  4.064997581218694  -1200.0
2  0.6038962806570412  0.5285203134986417  -5.496746945659721  2.0941264887599598  1200.0
2  0.6289449957676446  0.47519492352512394  -5.34509287292043  3.9461781895972585  -1200.0
2  0.6547151842304453  0.5541387915824602  -5.196040957813495  2.0470664564449326  -1200.0
2  0.6843545374204432  0.6297487137548621  -5.140301878711766  0.21853284429103348  1200.0
2  0.7146230444233872  0.582993238544142  -5.083184049492676  2.038043814198061  1200.0
2  0.7426492332384195  0.5398490086425508  -4.93642898172221  3.807185212653785  -1200.0
2  0.7714178569067964  0.6093348219213899  -4.790262335144165  2.073151624370622  1200.0
2  0.800886316171013  0.5711858273174493  -4.642649096957932  3.807521809578362  -1200.0
2  0.8311039521955631  0.6359555778503658  -4.4944149695019755  2.155974333296502  1200.0
2  0.8620311797439474  0.602889772851514  -4.3434681791652965  3.859612842857133  -1200.0
2  0.8937138321409899  0.6628735797768746  -4.19053116379275  2.2919658073322835  -1200.0
2  0.9283166010330285  0.7196258779831347  -4.114235893120523  0.795987948248122  1200.0
2  0.9636085184956649  0.6938760849924094  -4.03158334743122  2.4897728103849985  1200.0
2  0.9977011747611169  0.6715115429633015  -3.8652038766510453  4.147690243836095  -1200.0
2  1.0325650197668048  0.7216059949116308  -3.6934537448164164  2.7549286315229042  -1200.0
2  1.0698608690324578  0.7687807021970025  -3.589698394992641  1.4286363865059468  1200.0
2  1.107891562653891  0.7541565352620899  -3.4763050321891344  3.0932436260836074  -1200.0
2  1.146694643398412  0.7966180291193035  -3.3534741666371324  1.8513848583871637  1200.0
2  1.1862633260179114  0.7877974341879016  -3.2190787220526307  3.5144489983069374  -1200.0
2  1.2266326638960285  0.8257302547801371  -3.0730953744012535  2.353983859602179  1200.0
2  1.2678062441472011  0.8228583127721536  -2.9134725557375103  4.025226793341663  -1200.0
2  1.3098179291765857  0.8564646344315759  -2.739937572967333  2.9426748699404977  1200.0
2  1.3526821432616534  0.859752576699739  -2.5505236491487144  4.632911994452142  -1200.0
2  1.3964332548835197  0.8892416687068561  -2.3446797295754016  3.624464035982757  -1200.0
2  1.4416064948303686  0.916677846712461  -2.1881006558504343  2.6609886912252785  1200.0
2  1.4877250447856123  0.9298141639574833  -2.0114453677272075  4.412450246477879  -1200.0
2  1.534829686322741  0.9534365303400082  -1.813668231184342  3.5174909235790777  1200.0
3  0.23849440988028053  -0.9223890609553187  4.959729781559363  -6.138568976194636  -1200.0
3  0.19483124669690724  -0.8222923379267689  4.597643081279099  -8.387907137866168  -1200.0
3  0.1562566996418822  -0.7194308179682685  4.121119932703714  -10.703729227179746  -1200.0
3  0.12288092469396925  -0.6148394836613106  3.5274268545238416  -13.064235600060686  -1200.0
3  0.09476722541404305  -0.5093315600925417  2.814820323044366  -15.452058232795515  -1200.0
3  0.07194410344264257  -0.40348053141736206  1.9823097694827745  -17.85450754134723  -1200.0
3  0.054417256401867294  -0.29763489738851134  1.0294253395016462  -20.26323370927306  -1200.0
3  0.04218017165131161  -0.1919536904709076  -0.04398555734659104  -22.67352022272722  1200.0
3  0.030017212776451425  -0.2948229432376108  -1.1180900371144822  -20.28752363706954  1200.0
3  0.012695287505958129  -0.3983904326993055  -2.0727132563829183  -17.893746660853694  1200.0
3  -0.009823378704951587  -0.5026979443130597  -2.907459708738881  -15.493322663293052  1200.0
3  -0.03757460231247714  -0.6075987632110355  -3.6220679384986623  -13.090987565476404  1200.0
3  -0.0705814874104591  -0.7127056635154865  -4.216616014086188  -10.696075027473817  1200.0
3  -0.10884119508448795  -0.8173488121195954  -4.691774630474558  -8.323338859944373  -1200.0
3  -0.14717200510880687  -0.7171733766295356  -5.167971877181392  -10.710553787686035  1200.0
3  -0.18563325801349273  -0.8203709529234883  -5.644804624308574  -8.386051337244183  1200.0
3  -0.2292018323849081  -0.9209325320125813  -6.00673519174234  -6.125721615855287  -1200.0
3  -0.27283836496739944  -0.8268147751946127  -6.372804135897919  -8.487627202255757  1200.0
3  -0.31663071638960505  -0.9228968515296925  -6.742065443424725  -6.32732903735528  -1200.0
3  -0.36051885934930084  -0.8354141278437515  -7.117070845491103  -8.634814850675959  1200.0
3  -0.4046085156154784  -0.9258110302025113  -7.496436735570459  -6.591529918166656  1200.0
3  -0.4530932493910977  -1.010802758703175  -7.776368142707789  -4.666878719700992  -1200.0
3  -0.5016156282616205  -0.9335585121088991  -8.067301859165074  -6.922603156512101  1200.0
3  -0.5503036437855068  -1.0110868429841822  -8.367432508832902  -5.146201565400825  1200.0
3  -0.6027206760437794  -1.0825268147563296  -8.5820072232094  -3.5059049286691737  -1200.0
3  -0.6551352150574705  -1.0178501512349956  -8.813537198785525  -5.7042335153374655  1200.0
3  -0.7076879665736932  -1.0813869216273642  -9.060019913219264  -4.2212925982563805  -1200.0
3  -0.7603107513575081  -1.0271666311333307  -9.325365373921226  -6.345302551432816  1200.0
3  -0.8131367846570698  -1.0832880200140176  -9.60771285943502  -5.010092920489905  1200.0
3  -0.8686403465098087  -1.134364136667413  -9.826367097613334  -3.7973532641783567  -1200.0
3  -0.9242767218458057  -1.0945660093318859  -10.069261581839605  -5.878976963846961  1200.0
3  -0.9801721132497774  -1.1391333246164017  -10.334906790675992  -4.801334731461579  -1200.0
3  -1.0363198553747128  -1.1099697765109882  -10.626681621745933  -6.838815753249721  1200.0
3  -1.0928326139054865  -1.148777885470787  -10.943552231583489  -5.883747780853082  1200.0
3  -1.1511996386830554  -1.1843061639653165  -11.215013262776115  -5.019997242702907  1200.0
3  -1.2112653419473163  -1.2168965014283792  -11.445504061120387  -4.242185122116929  -1200.0
3  -1.2718122209022535  -1.2079705619840637  -11.709729098443866  -6.314211055971478  1200.0
3  -1.33294760700586  -1.2363180395257403  -12.007704342504393  -5.640559373955181  1200.0
3  -1.395445744892025  -1.2626211591789986  -12.273735571457475  -5.033472530453409  1200.0
3  -1.4592112720185897  -1.2871406800734253  -12.511001847512382  -4.48690455666423  -1200.0
3  -1.5238365928375615  -1.300912364078829  -12.789412311574795  -6.660214584891847  1200.0
4  0.9815186328830705  -0.9264167114740518  -9.925751996275075  2.0316235713453135  1200.0
4  0.9345228240572862  -0.9558394640348378  -9.777886792207633  3.9072768257790242  1200.0
4  0.885930586250416  -0.9904937957890966  -9.53494074405338  5.839070988097223  1200.0
4  0.8354686213132635  -1.03088270426655  -9.193886707706012  7.836205980716912  1200.0
4  0.7828367087226316  -1.077580556550268  -8.751217145053364  9.908672180971449  1200.0
4  0.7277041486651761  -1.1312290037653001  -8.202906754947987  12.067085797117155  -1200.0
4  0.6725840299720725  -1.0706645100747338  -7.63301782076309  10.659627612037896  -1200.0
4  0.6206384035678163  -1.004208158299259  -7.136944892705853  9.115555553831918  -1200.0
4  0.5721625705893553  -0.9319219124938874  -6.7214368590203  7.439788891030947  -1200.0
4  0.5274441680170892  -0.8540497603710001  -6.392914074251136  5.640476865877854  -1200.0
4  0.4867542443191641  -0.7710012493611836  -6.1573131927369475  3.7285835847183497  -1200.0
4  0.45033961752493723  -0.6833180686581326  -6.019960555541776  1.7171924984906024  -1200.0
4  0.41841726192236983  -0.5916295129100095  -5.985486041132832  -0.37935585559714546  1200.0
4  0.3869599739204383  -0.6687145739417959  -5.951782158716192  1.758077100661804  -1200.0
4  0.35587800809735626  -0.5728011839809869  -5.9173382768865475  -0.4178214945987029  1200.0
4  0.3252163421780995  -0.6555750574489019  -5.884064571662709  1.777127382502501  -1200.0
4  0.29488627991093713  -0.5561039245205086  -5.850507212546733  -0.4677752227908418  -1200.0
4  0.26959995061838526  -0.45419830746575846  -5.930717495323825  -2.765659035433389  1200.0
4  0.24470229231827825  -0.5430938695029751  -6.013407095649691  -0.5213308533550376  -1200.0
4  0.22012096750803345  -0.43924377282551447  -6.097415388213841  -2.8596631883488115  1200.0
4  0.19586869816775626  -0.5320601178185196  -6.18367978056799  -0.5731936302113296  -1200.0
4  0.17187810750949503  -0.4268963795255196  -6.27116242012913  -2.942248616631296  1200.0
4  0.14815205220753916  -0.5231748497600905  -6.360557995269304  -0.6189651051728706  -1200.0
4  0.12462919066621637  -0.417327895659118  -6.4509722177752735  -3.009141385468097  1200.0
4  0.10130240856383288  -0.5165797966293261  -6.542861293592691  -0.6551044555033987  -1200.0
4  0.07811730366268012  -0.4106708429749744  -6.63549230039992  -3.057074022646566  1200.0
4  0.0550569297722702  -0.5123814490299538  -6.729090899775269  -0.6789914356597011  -1200.0
4  0.03207457201043906  -0.4070167537831164  -6.823100882171795  -3.083801737281419  1200.0
4  0.009143778975919746  -0.5106480396681133  -6.917527872313273  -0.6889634541111871  -1200.0
4  -0.013773862385709452  -0.4064155839730829  -7.012005884822928  -3.088103104543657  1200.0
4  -0.03671384157766375  -0.5114078936824593  -7.106332698629244  -0.6843343668056976  -1200.0
4  -0.05970576685906352  -0.4088756235458418  -7.2003447715972415  -3.0697764962918677  1200.0
4  -0.08279359041828571  -0.514648810909985  -7.2936453508886  -0.6654011003412963  -1200.0
4  -0.1059977111791381  -0.41436349896395136  -7.386284588148507  -3.0296391889947656  1200.0
4  -0.1293698765997382  -0.5203183226958328  -7.477685413728383  -0.6334409441967317  -1200.0
4  -0.15292097238960584  -0.4228041954566707  -7.568121950094913  -2.96953037783815  1200.0
4  -0.17670978465844245  -0.5283248908044629  -7.6568520018785176  -0.5906982986653158  -1200.0
4  -0.20073750373693416  -0.4340813751445658  -7.744382571103388  -2.8923133913320926  1200.0
4  -0.2250691025401235  -0.538540321569507  -7.829822794799427  -0.5403559342815618  -1200.0
4  -0.24969605532680156  -0.4480385614587244  -7.913919310757442  -2.8018673531731606  1200.0
4  -0.27468856603035646  -0.5508037907769912  -7.995650712955252  -0.486483479478133  -1200.0
4  -0.3000285877406382  -0.46448193501177937  -8.076006778563725  -2.7030555023666905  1200.0
4  -0.3257904908615824  -0.5649278619548822  -8.153855739691329  -0.43395580540991396  -1200.0
4  -0.35194717760055283  -0.48318548079035895  -8.230429499851084  -2.6016573898822353  -1200.0
4  -0.37410362046598966  -0.4047024395440696  -8.414090575545801  -4.72031360952133  1200.0
4  -0.39679951026314564  -0.5020400199939086  -8.59411950178301  -2.5038874314534554  1200.0
4  -0.4243020181306695  -0.5966455288759529  -8.664591424931592  -0.344883820411658  -1200.0
4  -0.45227121765875533  -0.5241974008893412  -8.734397351071188  -2.416473953782877  -1200.0
4  -0.47671601786311685  -0.4554317919052394  -8.906315918241368  -4.432716338220171  1200.0
4  -0.5017761638681636  -0.5455871326741359  -9.075045647541117  -2.345531577003885  1200.0
4  -0.5312692886036205  -0.6324569267864051  -9.140976658926874  -0.3271770820596043  -1200.0
4  -0.5612847386430936  -0.5703572713367574  -9.207424441830254  -2.2984362816128456  -1200.0
4  -0.5882993926800213  -0.5121840855501061  -9.370899157746685  -4.211752939460264  1200.0
4  -0.6159802212944366  -0.5934524233110423  -9.532394498563638  -2.2818100248434807  -1200.0
4  -0.644279142815445  -0.5404811766708898  -9.69387833111219  -4.14890383163486  1200.0
4  -0.6732605857344347  -0.6171213036364259  -9.854231901937053  -2.3005127008919555  1200.0
4  -0.7059873283914688  -0.6901034818564568  -9.924007352132396  -0.5303043683302195  -1200.0
4  -0.7392975068121205  -0.6444748734558279  -9.997099328821172  -2.3633983982112614  -1200.0
4  -0.7704300279628532  -0.6027815265645701  -10.160419824588097  -4.142782440300471  1200.0
4  -0.8022688038329481  -0.6690848972248866  -10.324988554633991  -2.4767356636005666  -1200.0
4  -0.8347703359539419  -0.6328931754231009  -10.493039170768377  -4.220421429115448  1200.0
4  -0.8679876512543697  -0.694146069536783  -10.66372552351289  -2.6436224068688396  1200.0
4  -0.9041830157297152  -0.7519475829622394  -10.757437887514662  -1.1435712357474577  -1200.0
4  -0.9410219241350877  -0.7235833949414228  -10.85842149968387  -2.873076992781339  1200.0
4  -0.9785562170427333  -0.7761584931525478  -10.965988932065118  -1.466889004011307  -1200.0
4  -1.0167588259874567  -0.753844588301415  -11.082506859879045  -3.1745624671801957  1200.0
4  -1.0556767042985964  -0.8013479551033849  -11.207483816865864  -1.859891856889822  -1200.0
4  -1.0952926593831456  -0.7851192548636272  -11.343225059735518  -3.5543383017522157  1200.0
4  -1.135649470905502  -0.8277472157148192  -11.489458517022232  -2.3280961166279974  -1200.0
4  -1.1767406783786953  -0.8176741123757013  -11.648411099709485  -4.018832338314147  1200.0
4  -1.2186059642858453  -0.8556507222009682  -11.820054209689696  -2.8773843473882743  -1200.0
4  -1.2612501976462451  -0.8518571076347395  -12.006524581422786  -4.574908132284301  1200.0
4  -1.30471142755671  -0.8854214352982733  -12.208063158298604  -3.5142434431225347  -1200.0
4  -1.3490062421896432  -0.8881046935102311  -12.426709015367777  -5.23016899025716  1200.0
4  -1.3941729507004816  -0.9174995215207805  -12.663002315098044  -4.246025481105793  1200.0
4  -1.4407564737997063  -0.9448234774912877  -12.851286106052019  -3.3083370165822936  -1200.0
4  -1.4882768891890028  -0.9578246870622419  -13.060976104594346  -5.086602153979213  1200.0
4  -1.536779100833739  -0.9813296074594835  -13.293140549986159  -4.219317848740034  1200.0
5  0.9375644832201341  0.384258831975001  8.84657443826139  9.624915488927163  -1200.0
5  0.9582561952977272  0.44245501091870826  9.287058513104938  8.015080746595682  -1200.0
5  0.9818074572431157  0.49853467523604683  9.648126828219223  6.450739242732292  -1200.0
5  1.008107474478539  0.5523185806408034  9.932170091802199  4.936171521923598  -1200.0
5  1.0370374826131799  0.6036680730288936  10.141774485901397  3.4748883013666774  -1200.0
5  1.068472808977893  0.6524856357902671  10.279682004165544  2.069594697890611  -1200.0
5  1.102284924796088  0.6987139572410407  10.348749562499469  0.7221775553570455  -1200.0
5  1.1383434143662357  0.7423335870009926  10.351908052543022  -0.5662844933275171  -1200.0
5  1.1765177936694817  0.7833593479406488  10.292122442155582  -1.7954904613841025  -1200.0
5  1.2166791213213366  0.8218357440513573  10.17235387203154  -2.965869741434375  -1200.0
5  1.2587013582482365  0.8578316450807307  9.995524474126087  -4.078523014745434  -1200.0
5  1.3024624470828103  0.8914345338179996  9.76448537380285  -5.135156719544735  -1200.0
5  1.3478450962885793  0.9227445754983495  9.481988062692063  -6.138016425356996  -1200.0
5  1.3947372660291983  0.951868719085775  9.150659068410132  -7.08982399319636  -1200.0
5  1.4430323618552396  0.9789149770951144  8.772977618754915  -7.993722653325966  -1200.0
5  1.4926291479702138  1.0039869636595886  8.351255811978458  -8.853233254167836  -1200.0
5  1.5434313941831235  1.0271787075443852  7.887620664277285  -9.672224051223  -1200.0
6  0.9437218330390122  -0.9046279490575153  9.698502251481427  1.6860652147378685  -1200.0
6  0.8997493803801866  -0.8523463840493769  9.75038738452189  0.3441865654678966  -1200.0
6  0.8584872668558188  -0.7961841571792934  9.73291937295481  -1.0876878659035754  -1200.0
6  0.8201304522443024  -0.7361410983155776  9.641629107511944  -2.607608999290223  -1200.0
6  0.7848720022774452  -0.6722956840848614  9.472181756921103  -4.21213762183349  -1200.0
6  0.752899060646569  -0.6048067609629103  9.220451536552032  -5.896370274011635  -1200.0
6  0.7243888430749129  -0.5339108934560949  8.882593334202415  -7.654038123813551  -1200.0
6  0.6995048698672343  -0.45991572777427203  8.455107677837786  -9.477668269015668  -1200.0
6  0.6783936191330192  -0.38319031000981346  7.934896309924605  -11.358787807268268  -1200.0
6  0.6611817242975628  -0.30415365936699534  7.319306800012345  -13.288145687885631  -1200.0
6  0.6479737688372945  -0.22326298117882587  6.60616594604685  -15.255927173992479  -1200.0
6  0.6388506636055872  -0.14100269625587114  5.793802910976924  -17.251940723671446  -1200.0
6  0.6338685416387616  -0.057875024492574714  4.881063872915127  -19.265765963003318  -1200.0
6  0.6330580811641993  0.0256076927372325  3.8673202844397436  -21.286862033683224  -1200.0
6  0.636424172208411  0.10892928124320556  2.752472610056757  -23.304645581393984  1200.0
6  0.6406743607803588  0.06142336557972859  1.630512412145593  -21.57881049709062  1200.0
6  0.6425630466867718  0.014314925034789074  0.594637567439122  -19.85892709164911  1200.0
6  0.6421024597264885  -0.0326992443881659  -0.35533539539855363  -18.140472542552587  1200.0
6  0.6392897541321934  -0.07992104007108597  -1.2193651836732933  -16.418945493207644  1200.0
6  0.6341069703583255  -0.12765518712875637  -1.9971851382915493  -14.689799124108216  1200.0
6  0.6265207901864831  -0.17621337116444563  -2.6882992889029946  -12.948374721807923  1200.0
6  0.6164820853448826  -0.22591835490599213  -3.2919751105791644  -11.18983670450512  1200.0
6  0.6039252612332072  -0.27710802448986854  -3.8072330872108493  -9.409110844684207  1200.0
6  0.5887674014396014  -0.33013923782202853  -4.232833300904592  -7.600828854115827  1200.0
6  0.5709072275199649  -0.3853912245674388  -4.567259471279665  -5.759284845668673  1200.0
6  0.5502239049674505  -0.4432680895659799  -4.80870121888414  -3.8784129029680288  1200.0
6  0.526575754960368  -0.5041996609341337  -4.955035904961819  -1.951800727265145  1200.0
6  0.4997989791174513  -0.5686394474563974  -5.0038123260914364  0.027237003564681173  -1200.0
6  0.4735749809096604  -0.4786564088728742  -5.05361327830877  -2.0539468762966715  1200.0
6  0.44794731620893646  -0.5481449874292331  -5.106222363665402  -0.024797005405791328  -1200.0
6  0.4228441125316343  -0.454445215689972  -5.160361423536489  -2.172818717247176  1200.0
6  0.3983043003574362  -0.5287493259919231  -5.2176415497364586  -0.09405710390291322  -1200.0
6  0.37425617003888106  -0.4317879453547884  -5.276804496915416  -2.301517288001716  1200.0
6  0.35073281128510053  -0.5106392840156391  -5.339273460664401  -0.17454901347710372  -1200.0
6  0.32766382303462604  -0.4109006645962693  -5.403833676972625  -2.433643405068274  1200.0
6  0.30507555568300293  -0.49400093151622004  -5.471711177516331  -0.2606726538071116  -1200.0
6  0.28289996633801306  -0.39198415136610976  -5.541755301243577  -2.563428260341402  1200.0
6  0.26115608351367936  -0.47901101391494816  -5.614991449421654  -0.3473396202100343  -1200.0
6  0.23977913286010644  -0.3752171451581776  -5.690350352632505  -2.6858202643034197  1200.0
6  0.21878052530832254  -0.46583032377166644  -5.768658330224401  -0.4300585814510933  -1200.0
6  0.1980995042574861  -0.36075243536263923  -5.848941418523545  -2.7965265122778655  1200.0
6  0.1777398056367126  -0.45459919275532473  -5.9318323342873835  -0.5049863358925637  -1200.0
6  0.1576452772236275  -0.34871547481629156  -6.016463238629244  -2.8920143613074303  1200.0
6  0.1378121027922886  -0.4454349529475458  -6.103281457385435  -0.5689478718902508  -1200.0
6  0.11818917425197506  -0.3392049247155566  -6.191533532800353  -2.9694833924723434  1200.0
6  0.09876536807436673  -0.4384309792911227  -6.281491191716784  -0.6194326944455  -1200.0
6  0.07949494085167919  -0.33229440698760093  -6.372521744535634  -3.0268201863815976  1200.0
6  0.06035977713416728  -0.4336568014982067  -6.464731703497801  -0.6545765818778078  -1200.0
6  0.041319733540624265  -0.3280347434197168  -6.557614423269816  -3.062548214114478  1200.0
6  0.022350048338071013  -0.4311587579975417  -6.651121425044223  -0.6731380082871028  -1200.0
6  0.0034163633271444005  -0.3264560588895037  -6.744877009494607  -3.0757834257756675  1200.0
6  -0.015512380640044378  -0.4309607324307279  -6.83868727924485  -0.674477165330484  -1200.0
6  -0.03446459006403959  -0.32756927858051654  -6.932312651003691  -3.0662034998437186  1200.0
6  -0.053477282998919476  -0.43306463616734736  -7.0254225010420415  -0.6585433407405739  -1200.0
6  -0.07257274190411912  -0.3313667256803643  -7.117919291672811  -3.0340357136095557  1200.0
6  -0.09179361680631276  -0.43745045391456805  -7.209343495123683  -0.6258737665179264  -1200.0
6  -0.11115587344986039  -0.33782170982859056  -7.299746601906538  -2.9800652874642326  1200.0
6  -0.13070746918045945  -0.44407583643324494  -7.388547349807813  -0.5776042091785172  -1200.0
6  -0.15045783775176125  -0.3468871814144204  -7.475954350301127  -2.905662936834769  1200.0
6  -0.1704599040511658  -0.45287539241260416  -7.561271508171295  -0.5154887179608973  -1200.0
6  -0.19071634364073334  -0.3584937111155878  -7.644873548198413  -2.8128272515526236  1200.0
6  -0.21128467138282914  -0.463759988964851  -7.725956682140458  -0.44192324574968644  -1200.0
6  -0.23216059407187956  -0.3725472331303585  -7.805071141409204  -2.704234482408309  1200.0
6  -0.25340577654510793  -0.4766165009004949  -7.881313400383196  -0.35996556126077817  -1200.0
6  -0.2750088029697282  -0.388927149863778  -7.955418204542036  -2.58328558637771  1200.0
6  -0.2970349627900295  -0.49130852981693257  -8.02639165077171  -0.27334236032149795  -1200.0
6  -0.3194656737856026  -0.4074855074052705  -8.095160577472637  -2.4541384370026202  -1200.0
6  -0.337778084204127  -0.32635400348885824  -8.271875717642677  -4.59424618353583  1200.0
6  -0.35662039159602354  -0.42652379055156336  -8.444353398308152  -2.322124206682514  1200.0
6  -0.3804252461962861  -0.5245536459223443  -8.50419278415591  -0.095105612135991  -1200.0
6  -0.4047069837792862  -0.4485141306158237  -8.56205657712209  -2.192502509710924  -1200.0
6  -0.42527096912056733  -0.37560593197402264  -8.723519122509055  -4.242418023447701  1200.0
6  -0.44644495267722956  -0.4702609904028382  -8.880758094068392  -2.0699815725947843  1200.0
6  -0.4722915043043865  -0.5622019016163122  -8.930626794420498  0.045861772466186945  -1200.0
6  -0.49867331721153024  -0.4950405920877889  -8.979237240213289  -1.9608839858146236  -1200.0
6  -0.5217899234863572  -0.4313535788130164  -9.126792809859472  -3.915414342078565  1200.0
6  -0.545576481561899  -0.5187653927264692  -9.27074904843046  -1.8709489437332736  -1200.0
6  -0.569991736562879  -0.4596321876991502  -9.412721471284183  -3.7814034247755086  1200.0
6  -0.5950971460907875  -0.543144028389384  -9.551634848540822  -1.8054020858504756  -1200.0
6  -0.6208487944361194  -0.488748807254712  -9.689248254898024  -3.672366036315613  1200.0
6  -0.6473067421302238  -0.5680519397081397  -9.824506857283955  -1.7700745427130244  -1200.0
6  -0.6744256159717967  -0.5185505397839197  -9.959297259864568  -3.594987639379289  1200.0
6  -0.7022633372055608  -0.5933875726518298  -10.092605315511308  -1.7708483459422162  -1200.0
6  -0.7307744819762015  -0.548907719916558  -10.226424520294378  -3.5560437321092166  1200.0
6  -0.7600141672273053  -0.6190810282173198  -10.359802736532606  -1.8135486625556185  -1200.0
6  -0.7899384571896736  -0.5797249201729134  -10.494816237464242  -3.5622664297018094  1200.0
6  -0.820599124306287  -0.6451014528956569  -10.630596737619886  -1.9038655816987642  -1200.0
6  -0.8519553072495262  -0.6109506696641006  -10.769277141099707  -3.6202455715874606  1200.0
6  -0.884055061862425  -0.6714628070846651  -10.910094959811573  -2.0473164257008207  1200.0
6  -0.9190996370129744  -0.7286742748431707  -10.974045076709048  -0.5476217066635316  -1200.0
6  -0.9548193741632556  -0.7019865509058921  -11.044580124875077  -2.25265856241971  -1200.0
6  -0.9892951272694082  -0.6787650030207675  -11.199367665344559  -3.920435857800255  1200.0
6  -1.024531821019863  -0.7292394792928307  -11.359683398474116  -2.525459367277275  1200.0
6  -1.0622181814374325  -0.7767416703749749  -11.451926268400404  -1.1982642629855023  -1200.0
6  -1.1006278236701603  -0.7613894047988865  -11.554033500625108  -2.8715562752568093  -1200.0
6  -1.1383549327152287  -0.749333866059571  -11.739132869446559  -4.520450748027706  1200.0
6  -1.1768769998183306  -0.790258939945262  -11.933813709598294  -3.2966840254877345  1200.0
6  -1.2173806317477596  -0.8286227040669235  -12.068795470863533  -2.1321835606378254  -1200.0
6  -1.25867967736613  -0.8250032463959542  -12.217435948612177  -3.8071527981505113  1200.0
6  -1.3008088244996099  -0.8590035108283572  -12.379977022177266  -2.7214640214040102  -1200.0
6  -1.3437818430365092  -0.8615802677436298  -12.558407725156286  -4.414237044691362  1200.0
6  -1.3876337009924395  -0.8914324155329733  -12.753249231491486  -3.4034912555140506  1200.0
6  -1.4329252870217157  -0.9192110305970699  -12.898733526974407  -2.4386248435422355  -1200.0
6  -1.4791532948139356  -0.9316684120519345  -13.064316211083176  -4.191371105344767  1200.0
6  -1.5263588338635625  -0.9556119444991368  -13.251013789308432  -3.2958257603206818  -1200.0
7  0.8674016376791376  -0.15468278384414147  -9.166683247021307  4.691692584251157  1200.0
7  0.8590077202259695  -0.1814619911005705  -8.894171984148224  6.2137380481556725  1200.0
7  0.8492538153893404  -0.20915514015879735  -8.545290351719547  7.747486571698465  1200.0
7  0.8380904843238184  -0.2379170943393705  -8.11940256220111  9.295053401298766  1200.0
7  0.8254602655870644  -0.2679149046017345  -7.615762244133567  10.85876345053899  -1200.0
7  0.8137680287809358  -0.19904605389961888  -7.117299062765904  9.064726642244969  -1200.0
7  0.8055518844738379  -0.12905614152933903  -6.709220923878919  7.247283519225224  1200.0
7  0.7983062797572844  -0.1611186889214342  -6.3077597512962305  8.815968552262929  -1200.0
7  0.7920198862345121  -0.0898953042394219  -5.9126860518689695  6.978010972979331  -1200.0
7  0.7893126183514452  -0.018156080788062454  -5.609883492802692  5.12934418495901  -1200.0
7  0.7902000476187784  0.05368604808429489  -5.399674695698703  3.2785487321915348  1200.0
7  0.7920616416222084  0.020921847639194628  -5.196471374622476  4.847668999681559  -1200.0
7  0.7948978034719066  0.09244495325738045  -5.0002722561392074  3.0021710796687477  -1200.0
7  0.8013019055761578  0.1634347583573323  -4.896177306822576  1.1677609913101923  1200.0
7  0.808667532461227  0.13163014446814658  -4.798478038309114  2.734301936181451  -1200.0
7  0.8170022515429108  0.20136704085130075  -4.707311792906491  0.920729519676736  1200.0
7  0.8262948436810796  0.17086999099707822  -4.62213731958553  2.479177455027358  -1200.0
7  0.8365548781602682  0.2390372159853437  -4.543128451380151  0.6917267151621302  1200.0
7  0.84776855080956  0.21012982060888402  -4.469611182642344  2.24089451699194  -1200.0
7  0.8599470904974454  0.27642122681077763  -4.401786927579502  0.48468207856400225  1200.0
7  0.8730744733437048  0.2493732643788322  -4.338853171389709  2.0238000761146475  1200.0
7  0.8848825747444858  0.22356973376337952  -4.199383620002284  3.5472410995121253  -1200.0
7  0.8976639974869095  0.28708231900931247  -4.06524059875348  1.8314207075358049  -1200.0
7  0.9135874737691063  0.34909918290277075  -4.016181753316611  0.14717049397149462  1200.0
7  0.9304479542261516  0.32615328865476295  -3.9705446686491803  1.668476023745571  1200.0
7  0.9462011451160346  0.30473428259021856  -3.8493118361928857  3.1720787902134973  -1200.0
7  0.9629186412975566  0.3632036011281725  -3.731931602438797  1.5395041045275324  1200.0
7  0.9805826442901306  0.34417375093813546  -3.6173432822352467  3.0351366899049337  -1200.0
7  0.9992053014190196  0.39991022909660295  -3.50570763776903  1.4480083792779463  1200.0
7  1.018768769819424  0.383494844051133  -3.3958665994696813  2.936896772187036  -1200.0
7  1.0392852207604677  0.43629318680095375  -3.2879486171828294  1.3986171313801226  1200.0
7  1.060737552480377  0.42270812316658657  -3.1807110047150964  2.8826148758933803  -1200.0
7  1.0831377390631876  0.47239473603119037  -3.0742343124281817  1.3960254759590909  1200.0
7  1.106470256428544  0.46184963548863806  -2.967205424114796  2.877645752108179  -1200.0
7  1.130746756361163  0.5082841486681151  -2.859640524569592  1.4449829085921615  1200.0
7  1.1559541530337163  0.5009868607290161  -2.750171266070998  2.9274296691606176  -1200.0
7  1.182103771919162  0.5440623091142984  -2.6387321018657874  1.550297253881619  -1200.0
7  1.2103592116854633  0.5851852650847201  -2.595127584282109  0.21482373754782302  1200.0
7  1.2395392489875674  0.5830861084327723  -2.546673016243034  1.7191947276722994  1200.0
7  1.2686672427228118  0.58307486394569  -2.4231847616136726  3.2173743044808916  -1200.0
7  1.2987441125664303  0.6190746479658132  -2.2943105618897834  1.9570030955715554  1200.0
7  1.3297693434910671  0.6230121934083247  -2.1586068467078166  3.470450166539453  -1200.0
7  1.3617550127412246  0.6555063559972059  -2.0156396335265985  2.2667137759255738  -1200.0
7  1.3953194801493356  0.6861628321001174  -1.9319407542567237  1.0994306398107143  1200.0
7  1.4298579268315539  0.6965542259076691  -1.8381233940577335  2.656839771663552  -1200.0
7  1.465385941705506  0.7236795272670543  -1.7334824759382335  1.5454259633265612  1200.0
7  1.501919095498196  0.7388975066973846  -1.616598793624829  3.1370131745608507  -1200.0
7  1.5394762629861318  0.7625208169811908  -1.4865526680595569  2.0795198144972282  1200.0
8  -0.2377544338993427  0.9083499723952568  -7.721949155532726  -3.025607579655829  1200.0
8  -0.19480036333754122  0.8080158207865373  -7.81790355408368  -0.7706924856519803  -1200.0
8  -0.15197479147281603  0.9067381540639637  -7.91570359178823  -3.1629161911039314  1200.0
8  -0.10919218446972179  0.8034236486759176  -8.016294247785485  -0.8304821352649898  1200.0
8  -0.07162417843205492  0.6987382308926852  -7.998931387491807  1.5430346246946698  -1200.0
8  -0.034129490197401885  0.801829512875718  -7.98163984449954  -0.8581449827923802  1200.0
8  0.0033463568441219615  0.6972851307246146  -7.964771406811235  1.5397032971116533  1200.0
8  0.03560364164633673  0.5934548512421989  -7.827784506843329  3.938512329032017  -1200.0
8  0.06790266539169001  0.6985589658830227  -7.690864728974304  1.5428101400191991  1200.0
8  0.10026956626007127  0.5970388623724081  -7.553849831765044  3.928296326947498  -1200.0
8  0.13275682825326088  0.7020777136246708  -7.417119166620921  1.5530601729798073  1200.0
8  0.16537235548900298  0.6039048559007258  -7.280087675355444  3.911100222818872  -1200.0
8  0.19818307238544874  0.7077399195670077  -7.143473241833182  1.5729964133014263  1200.0
8  0.23117901334538177  0.6138483465136377  -7.006267734493347  3.891423614345706  -1200.0
8  0.26443906102830245  0.7153927756216678  -6.869478430464186  1.6065688229000337  1200.0
8  0.2979367512090019  0.6265908937215635  -6.731691633124239  3.875541537834111  -1200.0
8  0.3317600322948447  0.7248506122961516  -6.594146694417789  1.658829875709702  1200.0
8  0.36586824315456984  0.6418071312101971  -6.455058674666461  3.8710672099114825  -1200.0
8  0.4003553047641548  0.7359165777460122  -6.315836603421381  1.7355777930825482  1200.0
8  0.43516942824763777  0.6591554270054794  -6.174373036657458  3.886458577969746  -1200.0
8  0.47040742100971816  0.7484044366659353  -6.032182285814837  1.8429995633983443  1200.0
8  0.5060099650820591  0.6783085043476378  -5.886893829460978  3.9305311737884594  -1200.0
8  0.5420738669408227  0.7621577666765016  -5.7400637373734416  1.9873619390833126  1200.0
8  0.5785361239408169  0.6989806087622938  -5.5891238710213065  4.012037026713171  -1200.0
8  0.6154910154382459  0.777064716843563  -5.435611861832182  2.1747857905097767  1200.0
8  0.6528756553964747  0.7209487518143106  -5.276828499025244  4.139355395837531  -1200.0
8  0.69077975349467  0.7930676593804487  -5.114237950856174  2.411121384125207  -1200.0
8  0.7321795490781002  0.860649003311369  -5.035655718254186  0.7826932556027701  1200.0
8  0.7739843076529452  0.8142683710360642  -4.9475275863725034  2.7062057605887864  1200.0
8  0.8136006988623765  0.7728555961825039  -4.7649439591841265  4.5650222022132665  -1200.0
8  0.8537840990092643  0.8324931157476922  -4.575299101250282  3.0657614853576147  -1200.0
8  0.8968488993444639  0.8880927179706889  -4.4583447502588545  1.65881899186161  1200.0
8  0.9404053694296842  0.8566117465425861  -4.328785856583741  3.4956686495168934  -1200.0
8  0.9845263095702944  0.9063948492688493  -4.187538396126047  2.197626526308949  1200.0
8  1.0291887886698756  0.8824108970994604  -4.031862841917487  4.006628304110135  -1200.0
8  1.0744581444286363  0.9267171177501321  -3.86239469753227  2.812068101443142  1200.0
8  1.120325908618185  0.910178998538986  -3.676530855198396  4.6052551675318  -1200.0
8  1.1668513116227723  0.9493744233459008  -3.474597309763794  3.508356383430341  1200.0
8  1.214040715024552  0.9402959663075023  -3.2541350585199993  5.29883446199576  -1200.0
8  1.2619491801378768  0.9747534850894686  -3.0151322051739307  4.293663683185924  -1200.0
8  1.3115167531797203  1.0067379077729632  -2.824795666973485  3.35065671617527  1200.0
8  1.3618582209370222  1.0090143184237408  -2.6114244586482642  5.182543936262236  -1200.0
8  1.413030354672685  1.0368121898864056  -2.374434795877254  4.323620526213311  -1200.0
8  1.4655400833401138  1.0625864563948548  -2.179097005145181  3.5144504881853478  1200.0
8  1.5189835498507076  1.0773484384507843  -1.9560314065056494  5.418038206182716  -1200.0
9  1.0164805343384167  -0.2546973159444459  4.013285456273524  9.703699652927497  -1200.0
9  1.0051146144114422  -0.1993584621416285  4.458472440430542  8.091783704160886  -1200.0
9  0.9965420848043536  -0.14308245830273247  4.822508470044268  6.460225246114836  -1200.0
9  0.990803608635903  -0.08612510886181772  5.104542674859925  4.8144222113921975  -1200.0
9  0.9879266963001967  -0.028754475484551706  5.304000689541113  3.1599949756710624  -1200.0
9  0.9879252082854576  0.02875390813060543  5.4205936278383335  1.502698523225567  -1200.0
9  0.9907991038514543  0.08612201815568865  5.45432258878397  -0.15166761894881242  -1200.0
9  0.9965344420305602  0.14307438653788118  5.405478623658322  -1.797350146978019  -1200.0
9  1.0051036348867144  0.19934308052391403  5.274638165493886  -3.4287319905478095  -1200.0
9  1.0164659464497436  0.2546724832719412  5.062653995612968  -5.040420040006305  -1200.0
9  1.030568224015844  0.3088237377513161  4.770641901558834  -6.627328868714071  -1200.0
9  1.0473458414776835  0.3615787114205655  4.399963272496186  -8.184758490749452  -1200.0
9  1.066723827157663  0.4127433398864172  3.9522039816688586  -9.708464014038274  -1200.0
9  1.0886181416580802  0.46215021842851134  3.429150015244332  -11.194715030022579  -1200.0
9  1.1129370651055135  0.5096603337008846  2.83276041252694  -12.640342796940029  -1200.0
9  1.139582648527808  0.555163864128313  2.1651381710710234  -14.042773749501647  1200.0
9  1.167138676055024  0.5481483782449508  1.5007786052172674  -12.538296458201916  1200.0
9  1.1943965937859533  0.5431963419174369  0.911331753227162  -11.045089886287855  1200.0
9  1.2214575815590545  0.5402357288901464  0.39629124857252807  -9.560939113801576  1200.0
9  1.2484195874170512  0.5392086270808477  -0.04474175684494108  -8.083740480763916  1200.0
9  1.2753780028536923  0.5400701615592652  -0.4120632946993882  -6.611468483627676  1200.0
9  1.3024262909795343  0.5427876757662725  -0.7058696865721301  -5.142144727925099  1200.0
9  1.3296565799657198  0.547340152276488  -0.9262591417556909  -3.6738083245931152  1200.0
9  1.3571602333568704  0.5537178610548485  -1.0732319036185052  -2.2044871366643104  1200.0
9  1.3850284084082896  0.5619222298039401  -1.1466889723188962  -0.7321692919312481  1200.0
9  1.4133526135000776  0.5719659377501125  -1.1464294024984714  0.7452256276371205  -1200.0
9  1.4426847720695168  0.6005299029151109  -1.139549284386973  -0.45566215959544554  1200.0
9  1.4730320145174847  0.6143451219503969  -1.1248475458238276  1.048813398461638  -1200.0
9  1.504403935245406  0.6397370162600082  -1.101593941190144  -0.10535542950120202  1200.0
9  1.536812576860886  0.65767372346746  -1.068596467443609  1.433199370089456  1200.0
9  1.5701721411686622  0.6778165868843463  -0.9582448473479696  2.9904027929099293  -1200.0
10  0.8312666199710358  0.02037424826911097  -1.122691702062455  -3.0380161295873243  -1200.0
10  0.834002537849836  0.0889880720249845  -1.3197505461203582  -4.842569002657892  -1200.0
10  0.8401614556035785  0.1571036866260987  -1.6068767776376074  -6.636737098023063  1200.0
10  0.8472973355066619  0.1287348069594648  -1.9002352896932453  -5.102834477868852  1200.0
10  0.8530331599781815  0.10102506193126562  -2.1171392429350977  -3.577528176055184  -1200.0
10  0.8597582699530911  0.16768636415474977  -2.3405026549160737  -5.350672878893006  1200.0
10  0.8674646934613346  0.14099104117750214  -2.569905791425699  -3.8307974519407653  1200.0
10  0.8738557196048057  0.11499947692541622  -2.723563053940627  -2.3198945292391606  1200.0
10  0.8789630695897873  0.08957677362355831  -2.80187727913741  -0.8161982414979898  -1200.0
10  0.8850693519388311  0.1544194832183307  -2.886554184020451  -2.5653314069262203  1200.0
10  0.8921678999634641  0.12989717315941482  -2.977221406574246  -1.0659817980981532  -1200.0
10  0.9002633903743801  0.19356494460509255  -3.073956369839695  -2.7957156972913646  1200.0
10  0.9093466055397343  0.17022578449598283  -3.176252741666741  -1.3017323523668525  1200.0
10  0.9172845411503017  0.14769266985321658  -3.204113116733089  0.1825231424889724  -1200.0
10  0.9262232080919343  0.20946025376880395  -3.2377572268906745  -1.5198176158300025  1200.0
10  0.9361528093044861  0.18820828042560947  -3.27662829944198  -0.04067392935278091  1200.0
10  0.9450427415848227  0.16781811227364662  -3.2418096966331897  1.4284904214843377  -1200.0
10  0.9549365304750141  0.22750137752901703  -3.2124255658533727  -0.24384353544521575  1200.0
10  0.9658238676264234  0.20850031736019317  -3.1878644284168316  1.220639495871327  -1200.0
10  0.9777107093541242  0.2664532725580032  -3.1682081343749604  -0.4232359204505378  1200.0
10  0.990585065805966  0.24910179937880134  -3.1527227953981014  1.0364717708479683  -1200.0
10  1.0044537294664502  0.30504499364278  -3.1414912532573163  -0.5743555275774996  1200.0
10  1.019303532078902  0.28959358779282074  -3.1336647969750007  0.880931045358389  -1200.0
10  1.0351418404208352  0.34326899942391687  -3.129316040037046  -0.6926243703634354  1200.0
10  1.0519548992630499  0.3299584902497408  -3.1274907527885394  0.7590976365185751  1200.0
10  1.0681367417074281  0.317978102614357  -3.0533925451160857  2.1989645263704176  -1200.0
10  1.0853088766476013  0.36821602705366324  -2.981916466743424  0.6748520708322614  1200.0
10  1.1034587762927845  0.3584967955835612  -2.91206397351259  2.113569863416564  -1200.0
10  1.1225931012343802  0.40613498444680823  -2.843823352017689  0.631864471653425  1200.0
10  1.1427000174670416  0.39890697414535925  -2.776112321046634  2.071371861896333  -1200.0
10  1.1637862613008887  0.4437629043932808  -2.7088694554658734  0.6349101315769108  1200.0
10  1.1858414385377338  0.4392537703496958  -2.6409420169468762  2.077759185884574  -1200.0
10  1.2088723342864756  0.4811746073393224  -2.5722034471762805  0.6888104097842105  1200.0
10  1.232870760183475  0.47961389753289846  -2.501444735809504  2.138208540827814  -1200.0
10  1.2578436354179838  0.5184763898312298  -2.4284576176017367  0.7984482059419786  1200.0
10  1.2837857390199516  0.520101077917667  -2.3519915442819705  2.258304860268241  -1200.0
10  1.3107043476433762  0.5558102255128734  -2.2717386701856275  0.9688011600824094  1200.0
10  1.338597940478681  0.5608715936573679  -2.1864218431923925  2.4437842759677575  -1200.0
10  1.367474541201056  0.5933580715010102  -2.0956141989741086  1.204995594721382  1200.0
10  1.397337010368404  0.602130111944081  -1.9980268259558858  2.700603575205143  -1200.0
10  1.428194706212615  0.6313464752520551  -1.8930924405239204  1.5123826956998438  1200.0
10  1.4600554796230703  0.6441360456642693  -1.7795249531532407  3.035038176685033  -1200.0
10  1.4929308464454127  0.6700517437460828  -1.6565927572791541  1.8966365298954455  1200.0
10  1.5268341651131823  0.6872107876216677  -1.5230269118361748  3.4538084816392685  -1200.0
10  1.5617802131270428  0.7098059468632333  -1.377904396806451  2.3638708306601357  1200.0
