Fmax = 1200
krokcalk = 0.1
g = 9.8135
tar = 0.03
masawoz = 25
masawah = 20
drw = 23
1  0.5235987755982988  0.0  0.0  0.0  -1.832199630767751
1  0.5252103008260166  0.03222246278152133  -0.014469933771858937  -0.28918703973404075  -2.9624801031729238
1  0.5300525476392363  0.06464258357565345  -0.05801844828965901  -0.5810123326286438  -4.34661718980904
1  0.5381495693214933  0.09734299832626953  -0.13089333164849606  -0.8750806533711462  -5.985425236519345
1  0.5495332577919839  0.13039576598753627  -0.23329324963116835  -1.1707540089668953  -7.878493640519468
1  0.5642420562999861  0.16385796666428476  -0.3653380134133789  -1.4670451039107264  -10.023574820817224
1  0.5823192509256485  0.19776781676976948  -0.5270284187404187  -1.7625174948240097  -12.415908677556565
1  0.603810907552501  0.23214162746599096  -0.7181965626529925  -2.055197715706281  -15.047509298279781
1  0.6287635566732237  0.2669719845097588  -0.9384481323526066  -2.3425057196926744  -17.906448230445605
1  0.6572217680225176  0.30222754279095265  -1.1870988361152257  -2.6212104426830645  -20.976175839232113
1  0.6892257956888267  0.33785478335371505  -1.4631078250695748  -2.8874166985100618  -24.234925868237273
1  0.72480950490743  0.37378195805198255  -1.7650115107915987  -3.136587618825186  -27.6552460795514
1  0.7639988060106776  0.40992524729683194  -2.0908614654255695  -3.363603372046202  -31.20368822991286
1  0.8068108118868215  0.44619690332817497  -2.438169955801132  -3.562852252207495  -34.84067355180651
1  0.8532538992817811  0.48251489290635385  -2.803866021626349  -3.728345168949829  -38.520527190850856
1  0.903328793687707  0.5188133518256045  -3.1842638652494006  -3.853840139882622  -42.1916503468397
1  0.9570307212880714  0.5550530782848537  -3.5750437943279496  -3.9329606347913657  -45.79677676464409
1  1.0143525935553048  0.5912313577673137  -3.9712442624427924  -3.9592912409679317  -49.273244884456375
1  1.0752891265566957  0.6273906253307687  -4.3672619433873265  -3.9264361826893777  -52.553210775664816
1  1.1398417614075234  0.6636257905630463  -4.756855483276755  -3.8280301487004698  -55.56372984291698
1  1.2080242524318172  0.7000904105811467  -5.133147743947454  -3.657695633659351  -58.226644865573654
1  1.2798688260693698  0.7370022297544943  -5.48862100916371  -3.408945506038876  -60.458230734208584
1  1.3554328806474143  0.7746488591961649  -5.815099699895435  -3.075033053531736  -62.168559183293944
1  1.434806284839874  0.8133945124524505  -6.103715518362518  -2.6487542774956174  -63.26055870111878
1  1.5181194285698418  0.853688720431813  -6.344850529661504  -2.1222095858682715  -63.62875786642378
2  0.0  1.0471975511965976  0.0  0.0  -1.955474468291838
2  0.10473675924547099  1.046970493869534  -0.0003910948936583676  0.05665985890803295  -1.9278097735461106
2  0.20939640655587183  1.0458000383770383  0.011297926268167596  0.23935235164767465  -1.3725333381344678
2  0.31389951488605367  1.0441564499012215  0.04746869192935399  0.5413217448388157  -0.21057434341587622
2  0.41822857259125146  1.0427281030413107  0.11962373970852412  0.9527519924152266  1.6190660630418616
2  0.5224420639553802  1.0422654182145832  0.23820042052176615  1.46364647538971  4.167819809441675
2  0.6266736672051103  1.0434687452971378  0.4126852214548799  2.0660432062205953  7.486101315123293
2  0.731123183584863  1.0469414394873868  0.6519032651738654  2.7551779194998156  11.62969119232055
2  0.8360458423988958  1.0531953484855088  0.9643746153597663  3.529800155794427  16.663756767028968
2  0.9417442357428953  1.0626857768399995  1.3586693813913788  4.3920444392938744  22.665324959687844
2  1.0485647671098177  1.0758581428565934  1.8437363561342899  5.3471942654214235  29.72515639963734
2  1.1568991089571767  1.0931974810105096  2.429208177764008  6.403543280399475  37.94974505494732
2  1.2671906941281184  1.1152789950757336  3.125700324431961  7.572454673640852  47.463929951113116
2  1.3799463720049883  1.1428221148559925  3.945127399361205  8.868665029008161  58.41446671835515
2  1.4957537688921365  1.176752771888255  4.901062972158377  10.31085769791335  70.97485544758972
3  0.0  0.0  -10.0  1.0  -80.09202487410752
3  0.0006967132597748482  0.01393342913958523  -9.916024404974822  0.6795311297895397  -80.4989275186557
3  0.0027928985570301987  0.028042875614307995  -9.864202484750713  0.3563809448792193  -81.18234884460975
3  0.00631392144277102  0.042483991584611025  -9.84491232610101  0.028349184079646206  -82.15303896546014
3  0.011300864581786288  0.05741576755730154  -9.85875444537944  -0.3068129441028279  -83.4237736374618
3  0.01781090672244741  0.07300135611058628  -9.906557043655608  -0.6514092035105489  -85.00942073376282
3  0.025917774658486867  0.08940865816654611  -9.989381722461841  -1.0078001318952339  -86.92699469426927
3  0.035712238536090464  0.1068105391058762  -10.108529083658663  -1.378397681180311  -89.195685492799
3  0.04730260570864281  0.12538449956630623  -10.265543350183433  -1.7656493915354872  -91.83684358096738
3  0.06081514837521097  0.14531157239054837  -10.462214768636699  -2.1720078038248603  -94.87389573501133
3  0.0763943744295596  0.16677415554791714  -10.70057807006656  -2.5998796600160166  -98.33215872806875
3  0.09420301870755163  0.18995242828615416  -10.982904659438887  -3.051548244765644  -102.23850859575045
3  0.11442159361820392  0.21501894965454196  -11.311685482473465  -3.52906124690801  -106.6208539076965
3  0.1372472964966427  0.24213103256430366  -11.689600721487407  -4.03407624712765  -111.50735389326161
3  0.16289203195187327  0.2714205668179299  -12.119471701415787  -4.567657140999817  -116.92532000359566
3  0.19157928232398705  0.3029811925402841  -12.604189838451497  -5.1300185776023  -122.89974790926796
3  0.22353956633807906  0.3368531721142243  -13.146617455426497  -5.720223122039872  -129.45145311845462
3  0.2590042904051562  0.3730070288665062  -13.749456268785535  -6.335848396181268  -136.5948347364548
3  0.2981979475245454  0.4113280018564244  -14.4150818449854  -6.972658874580995  -144.3353725808718
3  0.3413288776427018  0.4516044545398203  -15.145346760714729  -7.624336875039869  -152.6670681153303
3  0.38857916846506085  0.49352421077447617  -15.941361613385927  -8.282343540481417  -161.5701489251889
3  0.4400946981777313  0.5366828233113871  -16.80327065137102  -8.935983686073547  -171.00943041970638
3  0.4959766912404751  0.5806064501005405  -17.730045784257804  -9.572728125561348  -180.93371682741764
3  0.5562763180780003  0.6247891329633947  -18.719326352118575  -10.178799067437664  -191.2764883555236
3  0.62099367239155  0.6687404130677185  -19.76732957814313  -10.739956714256033  -201.95786884152952
3  0.6900818590438309  0.7120357624981981  -20.868846966367073  -11.24236107898407  -212.88756729774508
3  0.763456042413638  0.7543608896451093  -22.017326738738575  -11.673350699939851  -223.96824950937906
3  0.8410064117709012  0.7955424785250476  -23.205026158670837  -12.021997019434336  -235.09871972619862
3  0.9226134193817938  0.8355618248603041  -24.423205527506227  -12.27935401324812  -246.17640167029336
3  1.0081635190014122  0.8745524498342836  -25.66233126983041  -12.438400838257717  -257.0988408542574
3  1.0975639542608484  0.9127862836269072  -26.91225904228859  -12.493740051179149  -267.76420235010676
3  1.1907557332173222  0.9506544273192107  -28.16237657731825  -12.44114720764975  -278.07092536438284
3  1.2877245456984363  0.9886479187420432  -29.401696413867896  -12.277069838739243  -287.9167899140917
3  1.388509857953238  1.027342076993072  -30.618898058716443  -11.998158500080239  -297.19767557960404
3  1.4932126671590928  1.0673855963139292  -31.802326537233622  -11.600897463433814  -305.8063004495473
4  0.0  0.0  0.0  -10.0  -34.90987077414453
4  0.00030095539803603945  0.006018746814243144  -1.006921974154829  -10.138431176727593  -43.68727188228515
4  0.0012812301922696294  0.013609401707260112  -2.02945352768966  -10.312425603602643  -52.71632539188857
4  0.003102801072485864  0.022873667773437058  -3.0712277363178417  -10.52357901848472  -62.032734419294336
4  0.005938739287664509  0.033932018486958676  -4.136050595095478  -10.773756077086732  -71.67457283155844
4  0.009975136319501518  0.046924629646673946  -5.227928551517335  -11.065101796093437  -81.6825548363012
4  0.015413117970982852  0.062012143635310775  -6.351097046113816  -11.400048876633102  -92.1002989071406
4  0.022470921003392902  0.07937604544674114  -7.510049478645976  -11.781316789678357  -102.97456705614934
4  0.03138597952787465  0.09921831628091152  -8.70956551656221  -12.211896413498101  -114.35544910117142
4  0.04241692805976885  0.12175987274115072  -9.954736915020373  -12.69501111023024  -126.2964453746834
4  0.05584536960992904  0.1472370904727009  -11.250987934733448  -13.234041271149053  -138.8543790440697
4  0.07197717508480637  0.1758954522040842  -12.604085925556177  -13.83239455977344  -152.0890400717238
4  0.09114297019930899  0.20797907570467192  -14.02013560471184  -14.49329873729738  -166.06242749884268
4  0.11369732775869994  0.24371463663560475  -15.505547982434416  -15.219489257813393  -180.83741915349668
4  0.14001602630219964  0.28328815340628316  -17.066971932272253  -16.012762361641858  -196.47566828558018
4  0.17049059038667602  0.32681351129875724  -18.711173574168697  -16.87337084712064  -213.03452530558644
4  0.20551925592381087  0.37429286460482125  -20.444847026181627  -17.799261092757096  -230.56284300276164
4  0.24549361314548995  0.4255716071262084  -22.274341577327096  -18.785194308153457  -249.09568885896851
4  0.29078061741659544  0.48029464527376126  -24.205297593101722  -19.821866788119657  -268.6482954666637
4  0.34170056701671975  0.5378756583265558  -26.24219916787684  -20.895234259456096  -289.21002135306446
4  0.39850305395701036  0.5974948700603895  -28.387876496829037  -21.9863205081106  -310.7395603450472
4  0.4613445441627849  0.6581400936969796  -30.64302117983487  -23.071789624199344  -333.16288593396456
4  0.5302724888421824  0.7186970953415991  -33.005802255872595  -24.125422523069698  -356.375144101817
4  0.6052208157457462  0.7780788691795849  -35.47167391685547  -25.12035749891014  -380.24676755163284
4  0.6860196925256803  0.8353657743270752  -38.03343580945246  -26.03163590118481  -404.63273814281433
4  0.7724189408349086  0.8899202576289259  -40.681547581860116  -26.83842033729879  -429.3828345412563
4  0.8641208355865231  0.9414478120169548  -43.40463402470632  -27.52535381007672  -454.3505072710383
4  0.9608159492692847  0.9899960638286361  -46.19007563530242  -28.082859090806156  -479.39881697576817
4  1.0622159905806885  1.035904519628918  -49.02457809903784  -28.506546529504515  -504.40312943754475
4  1.1680796664965845  1.0797281329340889  -51.89464659373362  -28.796123393780217  -529.2513028101375
4  1.278230137131207  1.122156305444224  -54.78693651375845  -28.954229175404226  -553.842588024743
4  1.3925644985347503  1.1639397806719758  -57.6884927321186  -28.985531450350575  -578.0864877295064
4  1.5110564411123255  1.2058267396298112  -60.58691766036458  -28.896313015069698  -601.9026904355812
5  0.2617993877991494  0.5235987755982988  0.0  0.0  -1.8938370495297945
5  0.3148574814177616  0.538624525071942  -0.0034778714524404428  -0.06974609692893703  -2.253891995886448
5  0.36952432546281555  0.5556547737889512  -0.013929145060364986  -0.1363745621691866  -2.6651390566345716
5  0.4259885704511314  0.5744473545319959  -0.030730034511044613  -0.1933207520911331  -3.1002667150657763
5  0.48441395759267575  0.5947533355861029  -0.05256514460042247  -0.23342382814502202  -3.5241963064706745
5  0.5449393503662104  0.616331798633293  -0.07737795062140078  -0.24913872677973267  -3.894405105058375
5  0.6076803087470543  0.6389652266739984  -0.10234342013383343  -0.23275477368741496  -4.161457415919571
5  0.6727321968459724  0.6624740677518051  -0.12386215965313058  -0.17659395595979918  -4.269645852465837
5  0.7401746712742451  0.6867292112771685  -0.13757267938670417  -0.07316284419080785  -4.1576252261211515
5  0.8100772882188131  0.7116615912922984  -0.13837595533499114  0.08476175470726385  -3.758922458693424
5  0.882505918148397  0.7372687822411722  -0.12046487502886205  0.3041242182374376  -3.002224180214326
5  0.9575296775840758  0.7636191068638428  -0.07735055184515194  0.5916601521106327  -1.8113706878534401
5  1.0352281696028753  0.7908542941117284  -0.0018777548200390598  0.954039752581003  -0.10501091258250517
5  1.1156989499515249  0.8191920458604285  0.11377751569442582  1.3980761263284227  2.2041096657625654
5  1.1990652831118171  0.848930013752303  0.27813438791622536  1.930991033786953  5.210251338386939
5  1.2854844070480598  0.8804527229648461  0.5004628682966473  2.5607343335029706  9.016203380907374
5  1.3751566801076913  0.9142429902282595  0.7908743075856091  3.2963587598768327  13.735275662950066
5  1.4683361398251418  0.950899420753327  1.160452355420873  4.148456732648801  19.493826721919095
5  1.5653431649741139  0.9911616063812088  1.6214310571182635  5.129667936545685  26.43441026795195
6  0.2617993877991494  -0.5235987755982988  0.0  0.0  -0.964200302610188
6  0.21013031511323313  -0.5109083130609685  -0.0033014011196864194  -0.06457329789010745  -1.1419157230638797
6  0.15961706630931413  -0.5005788314412306  -0.012876863965582418  -0.12302907083810999  -1.3503191015002
6  0.11001459766867021  -0.49277124216610046  -0.027889969229351542  -0.17136119173008948  -1.5684191786817885
6  0.06106345651024555  -0.4876101555092908  -0.04714928191832342  -0.2065122744071729  -1.775522180629072
6  0.012493639628176532  -0.4851803425297774  -0.0692063317350651  -0.22642064522859984  -1.952207953437052
6  -0.03597127356531628  -0.4855245417356601  -0.09245721253238823  -0.23005000345322352  -2.081276511058846
6  -0.0846098251594903  -0.48864220282951476  -0.11524647338807714  -0.21740903642728304  -2.1486788601175606
6  -0.13369829866342647  -0.4944889707717899  -0.13597256826966198  -0.18956451739837665  -2.144438064982443
6  -0.18350632625797897  -0.5029769951849754  -0.15319426091847768  -0.14864646488609756  -2.063550577239502
6  -0.23429257774366058  -0.5139764243599376  -0.16573698753201968  -0.09783909840985167  -1.906837912088607
6  -0.2863006733884679  -0.5273186294527088  -0.17279734069428374  -0.041347941158115825  -1.681700129015646
6  -0.33975552304005663  -0.5428017322515835  -0.17404276627036008  0.01566728330263214  -1.4027112361390386
6  -0.3948603474961465  -0.5601988361082008  -0.16970258183396075  0.06720153489417069  -1.0919980167683538
6  -0.4517946640363573  -0.5792689908493787  -0.16064590116214544  0.10655642758140244  -0.7793609834953213
6  -0.5107134986729601  -0.5997704305272138  -0.14844230700483074  0.12652790679910572  -0.5021281877306654
6  -0.5717480160266736  -0.6214751387766664  -0.1354023131632711  0.11961325308207424  -0.3047735360809567
6  -0.6350076420563446  -0.6441834744199462  -0.12459670566522862  0.07821429197976615  -0.23837145728553533
6  -0.7005836185952887  -0.6677375493664982  -0.1198564018457742  -0.005188678545980624  -0.3599890539171998
6  -0.7685538039626587  -0.6920323250439312  -0.12575700337606202  -0.1379149897847557  -0.7321284504452439
6  -0.8389884513179999  -0.7170239133156564  -0.1475942406116103  -0.3270296073939055  -1.4223250962505478
6  -0.9119566748676615  -0.742735192300597  -0.19135768502543635  -0.5793641972829998  -2.502987448704926
6  -0.9875333562634632  -0.769259425450405  -0.26371038920019085  -0.9016124795155908  -4.05153834412965
6  -1.0658063382314473  -0.7967629997499124  -0.37198169981062534  -1.3004939661737875  -6.150897038194237
6  -1.146883881202712  -0.8254886470301774  -0.5241797319036215  -1.7829787127716703  -8.890329267339203
6  -1.230902503910347  -0.8557606189151078  -0.7290292735168022  -2.3565676596694383  -12.366693030719865
6  -1.3180354794320182  -0.8879933240919853  -0.9960405162650854  -3.0296274912218735  -16.686119191430958
6  -1.40850241104622  -0.9227049770195486  -1.3356141586970898  -3.811784260488924  -21.966184997544428
6  -1.5025804705921981  -0.9605378787676991  -1.7591891205405426  -4.714384394926361  -28.33865881551126
7  -0.2617993877991494  0.5235987755982988  0.0  0.0  -1.0874751401342748
7  -0.21011395889017373  0.5112436957043958  0.0029119373325845496  0.056640295574045624  -0.940174159674275
7  -0.1595497507495246  0.5012697320449301  0.01128519558957408  0.1068100233645203  -0.7701540587418417
7  -0.10985974637497235  0.4938369799758934  0.024249960259713314  0.14654160392666732  -0.5985531547769205
7  -0.060782601507553026  0.48906918312716546  0.04058527631475231  0.17281773104232742  -0.44617496474898233
7  -0.012046515831733613  0.4870500037279502  0.05881734269120924  0.18362223862135588  -0.3324960916889985
7  0.03662659839524084  0.4878205820200014  0.07732188019392644  0.17797468490957702  -0.2746963826408362
7  0.08551675837814829  0.4913780164790947  0.09442931947382363  0.15595525108198632  -0.2866991784272217
7  0.1349014426315906  0.49767461686873765  0.108532073957048  0.11872265125759132  -0.37821856853653635
7  0.18505109007709514  0.5066180699829147  0.11819320196180197  0.06852269084712714  -0.553827638530455
7  0.23622467231487113  0.5180729321651092  0.12225527035320297  0.008680250641722204  -0.8120825064732029
7  0.28866549808721786  0.5318640388994608  0.11994730025064745  -0.05643575843690103  -1.1447558194592642
7  0.3425974727323556  0.5477824258061756  0.1109865364068886  -0.12148524355246647  -1.5362439532104366
7  0.3982220895810802  0.5655941441728406  0.09567078263187084  -0.1802749475399745  -1.963208747814646
7  0.4557164523680983  0.5850519404661835  0.07495657902984347  -0.2259219527914735  -2.3944942404075995
7  0.515232600018754  0.6059092375330389  0.05051889297142398  -0.25105357393840044  -2.7913231745180163
7  0.5768983218345995  0.6279353518433373  0.02478939654629792  -0.24802512551347317  -3.107734033901263
7  0.6408195231776658  0.650930571311245  0.0009726738704964218  -0.2091304105083886  -3.291177654369069
7  0.7070840561317308  0.6747397215605735  -0.016957565171934988  -0.12677804568706313  -3.283163847150171
7  0.7757668013144854  0.6992631854442483  -0.024277554065051735  0.006389530252824432  -3.019839488944851
7  0.846935707522352  0.7244649216496917  -0.015541101124400988  0.19744964109300647  -2.4323900504521885
7  0.920658482995157  0.7503776942053867  0.015392012217623229  0.45323140200443557  -1.4471801736357601
7  0.9970096858614821  0.7771063159200904  0.07533478985948616  0.7804238777601513  0.014423866695648435
7  1.0760780674954133  0.8048301246099689  0.1717662913678002  1.1857531320254586  2.0365850808425963
7  1.1579741605484164  0.8338061334304856  0.3128458975098083  1.6762199511590323  4.7099044116679085
7  1.2428382549577977  0.8643743756651487  0.507454277924145  2.259392527072928  8.132733231293347
7  1.3308490594871798  0.8969669810052822  0.7652663912344662  2.943753162523446  12.412928641444879
7  1.4222335012007028  0.9321225456417905  1.0968620281747845  3.7391035133579096  17.670110228000873
7  1.5172782741953428  0.9705074113211958  1.5138801221130849  4.65703685626953  24.03849598001179
8  -0.2617993877991494  -0.5235987755982988  0.0  0.0  -0.1578383932146683
8  -0.31484112519470225  -0.5383067146156024  0.0030884076653385733  0.062122497242082936  0.1728660935327344
8  -0.36946054850711485  -0.5550348193423464  0.012399794927514552  0.12140589309811617  0.5494849563887299
8  -0.42584798062657664  -0.573542999090827  0.027341401925186457  0.17134916661022065  0.945182504182235
8  -0.4841690445640674  -0.5935843222266918  0.04663534026371839  0.20485566464521335  1.325411492734219
8  -0.54456467566126  -0.6149195422827975  0.06826893999112524  0.21444092099361306  1.6482208019859672
8  -0.6071526498180928  -0.6373322309200833  0.08946679210764888  0.19244693745880953  1.864766772035702
8  -0.6720306207785024  -0.6606431336476852  0.10668389681054788  0.13123684875519534  1.91993373210469
8  -0.7392805207587556  -0.684722522134789  0.1156166256476741  0.023344689231908897  1.7529496013342891
8  -0.8089740721384795  -0.7094997718805452  0.11122585044893996  -0.13843928700201547  1.2978826871084355
8  -0.8811791090794299  -0.734970020747475  0.08776501603308201  -0.3610585715785804  0.4839228049004096
8  -0.9559664263155189  -0.7611983991262596  0.03880530981697313  -0.6512575645849366  -0.7646244584345361
8  -1.0334169509957403  -0.7883228319404488  -0.04274970553899537  -1.0157211615794624  -2.528676536533146
8  -1.1136291547106856  -0.8165567346221454  -0.16466690430557526  -1.4612789394814605  -4.895075127218391
8  -1.1967267668707502  -0.8461930754773284  -0.3354099247621762  -1.9951668312265016  -7.957674445397089
8  -1.2828670025745152  -0.8776113227558342  -0.5641944894609354  -2.6253428400833307  -11.818848293062317
8  -1.372249671527898  -0.911288815733353  -0.8610780896013763  -3.3608585878450543  -16.591464380632747
8  -1.4651276905658983  -0.947818147085653  -1.2370898628835754  -4.212293563826304  -22.401395019539322
8  -1.5618196847857952  -0.9879321967588091  -1.704407397716075  -5.192261217201725  -29.39064816930133
9  0.2617993877991494  0.0  0.0  0.0  -1.4290186760699912
9  0.2627541092772151  0.019092240793083595  -0.00958561231923465  -0.19166050086379616  -2.1758987336197606
9  0.2656266226522788  0.03840878288830066  -0.03849698114769337  -0.386889675849062  -3.0973732249311476
9  0.27044602191063577  0.05808219056768972  -0.08716094253867485  -0.5870656258879745  -4.201793659104315
9  0.277254623340925  0.07824366426551049  -0.15614089973457027  -0.793523750750468  -5.498512067751203
9  0.2861077581664976  0.0990214915012686  -0.24613078682392037  -1.0075188191515978  -6.997701016284274
9  0.297073392852918  0.12053910568888782  -0.35794489438995686  -1.2301792331255728  -8.710112432962967
9  0.3102315328725919  0.14291266150372817  -0.49250267330773845  -1.4624515564344478  -10.64676127843887
9  0.32567335757276417  0.16624806273228565  -0.6508074547508945  -1.705033800384952  -12.818520057058194
9  0.34350002924917517  0.19063742598829148  -0.8339179035609747  -1.9582967333032941  -15.235611828188055
9  0.363821120921614  0.21615503763932678  -1.0429109993208192  -2.222193720171128  -17.906993458023766
9  0.38675261757216445  0.24285296609486678  -1.2788354669761148  -2.4961613960905753  -20.839628102020672
9  0.4124144679343929  0.27075662644565696  -1.5426549150780682  -2.779015836925092  -24.03765683008515
9  0.44092770105674645  0.29986074914777044  -1.8351805375505343  -3.0688516600475664  -27.501493815040387
9  0.47241117494916784  0.3301263554014345  -2.1569941218858566  -3.362954280636329  -31.226886496524365
9  0.506978091694446  0.36147945031300677  -2.5083632584863307  -3.6577377027353406  -35.20399912712048
9  0.544732487917499  0.3938121608088826  -2.889151958756602  -3.948720854591043  -39.41659119743526
9  0.5857659796040086  0.42698691966244884  -3.298731164249268  -4.230553673557322  -43.841366630317715
9  0.6301550897541118  0.4608440028502253  -3.7358945823045757  -4.497099318875982  -48.447560952811315
9  0.6779594990721447  0.49521228291378605  -4.198785600068084  -4.74157118785149  -53.1968097869001
9  0.7292215211989937  0.5299225432490745  -4.684840453730329  -4.956713992211592  -58.043304824975124
9  0.7839670128786312  0.5648222345007472  -5.190751275731909  -5.135009098035445  -62.93419941306704
9  0.8422077983439828  0.5997902847716426  -5.712450264207763  -5.268878073328006  -67.81018460314829
9  0.9039455418776166  0.634750599673588  -6.245113408884313  -5.350856798954159  -72.60612778132399
9  0.9691768753441649  0.6696832203381302  -6.783179496137867  -5.373716098456943  -77.25165591771804
9  1.037899507503071  0.7046326659104415  -7.320378005889948  -5.330512523257126  -81.6715744844381
9  1.1101190257547437  0.7397136271703126  -7.849758322956937  -5.214562415706879  -85.78603596111635
9  1.185856149065318  0.7751147491117018  -8.363712469945348  -5.019341159951831  -89.51040042707123
9  1.2651542895968413  0.8111016366705789  -8.853984145753794  -4.73831584026806  -92.75475738035554
9  1.3480874088501873  0.8480203979843629  -9.311657916473454  -4.364722877919733  -95.42309840000436
9  1.4347682895838982  0.8863030088687763  -9.727123669626609  -3.8913035703600736  -97.41214545638523
9  1.5253574668885468  0.9264755433903461  -10.090012791664897  -3.310012209927488  -98.6098567145807
10  0.0  0.0  -10.0  10.0  -49.59639512661247
10  0.0004338816967531519  0.008677113277026935  -9.009979279025323  9.800426394628381  -42.117826876219176
10  0.0016720575430464357  0.01611926739705693  -8.038436034795065  9.63010834013655  -34.692626621886824
10  0.0035945894483219607  0.022392835551230724  -7.082487085735205  9.488247643892867  -27.299600019366853
10  0.006087528071487425  0.02755147915957532  -6.139320046957085  9.37422388012646  -19.91753206794399
10  0.009041666091564779  0.03163660665918323  -5.206175811627938  9.287589374706902  -12.525058142156674
10  0.012351332974315496  0.0346777345109248  -4.280331488097282  9.228065310047253  -5.100534963105308
10  0.015913220484641367  0.03669273469292098  -3.359083661503848  9.195539262376636  2.3780906616145776
10  0.019625226939658038  0.03768795776999596  -2.4397318235495673  9.190064388396145  9.93341738173509
10  0.023385307280466866  0.037658223064923675  -1.5195617959838712  9.211860426488048  17.588731157456134
10  0.027090315269817505  0.036586668308053016  -0.595828958602466  9.261316654597804  25.368155491322927
10  0.030634823374327297  0.03444445102235489  0.3342589210101736  9.338996941336593  33.296812202571324
10  0.03390990509480396  0.03119029333552928  1.2735594724048322  9.445647029057943  41.400995029336244
10  0.03680186364781873  0.026769861421336846  2.2250143522700063  9.582204187951763  49.708358462309775
10  0.039190890011852365  0.021114970973867418  3.1916689635719804  9.749809367138539  58.24812428290097
10  0.04094963253714024  0.014142611836771197  4.176693519183056  9.94982192702459  67.05130823040935
10  0.04194165978195067  0.005753789337363762  5.1834057104846  10.183836944762254  76.15096894882299
10  0.04201979832484702  -0.004167811209274482  6.215295233972812  10.453704908835638  85.58248069854359
10  0.04102432857285423  -0.015757314289058782  7.276050398453815  10.761553310614472  95.38383000688142
10  0.03878102492234739  -0.029170248517885095  8.369586965696605  11.109809127300394  105.59593408733994
10  0.035099033395431856  -0.044584151529685326  9.500079243367113  11.501220364973102  116.2629749048989
10  0.02976859213227617  -0.06220002175594759  10.671993212885232  11.938873538639154  127.43273635918521
10  0.02255862092633736  -0.082243346557955  11.890121080622057  12.42620199484721  139.15692200025038
10  0.01321423975456189  -0.10496427673342375  13.159616008053543  12.96697705117899  151.49141534812549
10  0.0014543291023550418  -0.13063628716568443  14.486024793295055  13.565269701472408  164.49642217712693
10  -0.013030675165915728  -0.15955234496401713  15.875314796133697  14.225364792467847  178.23640171526887
10  -0.030580443089079597  -0.19201719353971824  17.333889246434495  14.951601980329832  192.77964967437245
10  -0.051565396512516494  -0.2283338806723582  18.868582081224048  15.748108864594869  208.19734046480966
10  -0.0763856564489808  -0.26878221331171204  20.486619538663703  16.618383232196233  224.5617742468658
10  -0.10546735969171574  -0.31358665781483425  22.195531088915104  17.564677609745587  241.94352296103125
10  -0.13925517210659302  -0.3628717951195225  24.00298768955106  18.5871486410705  260.40716334371746
10  -0.1781997009506692  -0.41660552886437274  25.91654267172903  19.682769396473592  280.0053850781124
10  -0.22273869111613334  -0.47453469046113655  27.94325318415324  20.844080285089902  300.7715508888767
10  -0.27327165226325834  -0.5361248617888313  30.089172925056815  22.05798180807672  322.7113307485573
10  -0.33012916121159364  -0.6005247991742515  32.358734676908455  23.304929001168944  345.7948021816396
10  -0.39354051266002654  -0.6665813559999284  34.754084475775755  24.558998241720943  369.95114998274994
10  -0.4636060389518489  -0.7329260771891951  37.27447823384141  25.789236123758307  395.0682958695886
10  -0.5402819067465676  -0.7981342980046011  39.91588271255489  26.96236485168126  420.9988931126621
10  -0.6233839018320667  -0.8609260261364617  42.67090675892642  28.04636839953784  447.57209506025265
10  -0.7126120846973995  -0.9203525275845239  45.529113268030365  29.01400722826465  474.6082403018159
10  -0.8075918892298991  -0.9759129647274906  48.47765245713477  29.84525593276281  501.93250087284855
10  -0.9079224698725528  -1.0275745721206815  51.50206735457373  30.528114240247493  529.3843642371522
10  -1.01322230081862  -1.0757087009759434  54.58709802422564  31.05791407052498  556.821929976342
10  -1.1231649645147188  -1.1209797019130692  57.71735399222892  31.43572555438916  584.1220096769352
10  -1.2375024223661026  -1.1642248719942494  60.87779953236372  31.6665711618241  611.1780063394131
10  -1.3560764922523962  -1.206348957765812  64.05406514094601  31.75799515842213  637.8975593952831
10  -1.4788207167523688  -1.2482380279048637  67.23264283080618  31.719317849227984  664.2015544915965
