1 1 -4.1704 4.2156 -1.6905 0.7854 2.0000
1 2 -4.0953 4.0196 -1.6468 0.5236 2.0000
1 3 -4.0440 3.8215 -1.6174 0.5236 2.0000
2 1 -6.8463 4.9368 2.9609 0.5236 2.0000
2 2 -7.0486 4.9065 2.9903 0.0000 2.0000
2 3 -7.2463 4.9367 2.9903 -0.5236 2.0000
2 4 -7.4277 5.0313 2.9609 0.5236 2.0000
2 5 -7.6301 5.0010 2.9903 0.7854 2.0000
2 6 -7.8284 4.9321 3.0340 0.2618 2.0000
2 7 -8.0292 4.9190 3.0494 -0.7854 2.0000
2 8 -8.2051 5.0336 3.0057 0.7854 2.0000
2 9 -8.4024 4.9617 3.0494 0.0000 2.0000
2 10 -8.6015 4.9802 3.0494 0.2618 2.0000
2 11 -8.8021 4.9640 3.0647 -0.5236 2.0000
2 12 -8.9901 5.0448 3.0353 0.7854 2.0000
2 13 -9.1851 4.9671 3.0790 0.2618 2.0000
2 14 -9.3851 4.9450 3.0944 0.5236 2.0000
2 15 -9.5816 4.8880 3.1238 0.5236 2.0000
2 16 -9.7764 4.8253 -3.1299 0.0000 2.0000
2 17 -9.9764 4.8230 -3.1299 0.0000 2.0000
2 18 -10.1763 4.8206 -3.1299 0.7854 2.0000
3 1 -8.1271 4.1770 2.8198 -0.5236 2.0000
3 2 -8.2898 4.3010 2.7903 0.7854 2.0000
3 3 -8.4978 4.2729 2.8340 0.7854 0.0000
4 1 -3.3630 3.8209 1.4213 0.7854 0.0000
5 1 -2.9018 5.6229 2.8386 0.2618 0.0000
6 1 -10.4199 5.0670 1.1527 0.7854 2.0000
6 2 -10.4340 5.2765 1.1964 0.2618 2.0000
7 1 6.1328 5.7334 -2.7762 -0.7854 2.0000
7 2 5.9244 5.7586 -2.8199 0.7854 2.0000
7 3 5.7792 5.6069 -2.7762 -0.5236 2.0000
7 4 5.5748 5.5996 -2.8057 0.7854 0.0000
8 1 5.5239 4.7066 2.1681 -0.2618 2.0000
8 2 5.4410 4.8900 2.1527 0.5236 2.0000
8 3 5.2793 5.0154 2.1822 -0.2618 2.0000
8 4 5.1939 5.1976 2.1668 0.5236 0.0000
9 1 -2.4584 5.2096 1.7844 -0.7854 2.0000
10 1 1.5210 5.5742 0.4003 0.7854 2.0000
10 2 1.6538 5.7368 0.4440 -0.5236 2.0000
10 3 1.8570 5.7602 0.4145 0.0000 2.0000
10 4 2.0401 5.8407 0.4145 0.7854 0.0000
11 1 3.3087 5.2181 -1.1661 -0.5236 2.0000
11 2 3.3240 5.0141 -1.1956 0.2618 2.0000
11 3 3.4289 4.8423 -1.1802 -0.7854 2.0000
11 4 3.4090 4.6333 -1.2239 0.7854 2.0000
11 5 3.5643 4.4920 -1.1802 0.7854 2.0000
11 6 3.7256 4.3576 -1.1365 0.7854 2.0000
11 7 3.8926 4.2303 -1.0928 0.7854 2.0000
11 8 4.0650 4.1105 -1.0492 -0.7854 2.0000
12 1 7.0085 3.8931 2.8135 -0.5236 0.0000
13 1 9.3930 4.1338 0.4732 0.7854 0.0000
14 1 -9.4470 5.7757 3.1378 -0.5236 2.0000
14 2 -9.6404 5.8426 3.1083 0.5236 2.0000
14 3 -9.8360 5.7829 3.1378 0.7854 2.0000
14 4 -10.0221 5.6856 -3.1017 -0.2618 2.0000
14 5 -10.2216 5.7123 -3.1171 -0.7854 2.0000
15 1 5.2931 5.7216 0.3964 0.7854 0.0000
16 1 -5.9665 4.9347 1.8324 -0.7854 2.0000
16 2 -5.9199 5.1394 1.7887 0.2618 2.0000
16 3 -5.9965 5.3255 1.8041 -0.5236 2.0000
17 1 6.0790 4.6156 -0.0532 -0.7854 2.0000
17 2 6.2593 4.5079 -0.0968 -0.2618 2.0000
17 3 6.4533 4.4543 -0.1122 0.0000 2.0000
17 4 6.6520 4.4319 -0.1122 0.7854 0.0000
18 1 8.0940 4.0028 -0.7113 -0.5236 2.0000
18 2 8.1974 3.8263 -0.7408 -0.7854 2.0000
19 1 -1.0489 3.5027 1.3084 0.2618 2.0000
19 2 -1.0309 3.7032 1.3238 0.7854 2.0000
19 3 -1.0805 3.9072 1.3674 0.2618 2.0000
19 4 -1.0743 4.1084 1.3828 0.5236 2.0000
19 5 -1.1031 4.3109 1.4123 -0.5236 2.0000
19 6 -1.0072 4.4916 1.3828 0.0000 2.0000
19 7 -0.9699 4.6881 1.3828 0.2618 2.0000
19 8 -0.9668 4.8893 1.3982 -0.2618 2.0000
19 9 -0.8987 5.0787 1.3828 -0.7854 2.0000
19 10 -0.7677 5.2428 1.3392 0.2618 2.0000
20 1 5.0674 5.4633 -2.7200 0.7854 2.0000
20 2 4.9381 5.2979 -2.6763 -0.7854 2.0000
20 3 4.7282 5.3022 -2.7200 0.2618 2.0000
20 4 4.5614 5.1895 -2.7046 0.2618 2.0000
20 5 4.3965 5.0742 -2.6892 0.2618 2.0000
20 6 4.2333 4.9564 -2.6738 0.2618 2.0000
20 7 4.0719 4.8361 -2.6584 0.0000 2.0000
20 8 3.8948 4.7432 -2.6584 0.5236 2.0000
20 9 3.7541 4.5947 -2.6290 -0.2618 2.0000
20 10 3.5644 4.5276 -2.6444 0.5236 2.0000
20 11 3.4258 4.3771 -2.6149 0.0000 2.0000
20 12 3.2529 4.2766 -2.6149 0.5236 2.0000
20 13 3.1188 4.1220 -2.5855 0.5236 2.0000
20 14 2.9893 3.9636 -2.5560 0.7854 2.0000
20 15 2.8887 3.7794 -2.5123 0.7854 2.0000
20 16 2.7962 3.5909 -2.4687 0.5236 2.0000
20 17 2.6861 3.4185 -2.4392 0.2618 0.0000
