Fmax = 1200
krokcalk = 0.05
g = 9.8135
tar = 0.03
masawoz = 25
masawah = 20
drw = 23
1  0.5235987755982988  0.0  0.0  0.0  0
1  0.5239987823917771  0.015999214611723902  -0.0035411417916827444  -0.14161807078188604  0
1  0.5251988355275446  0.03200553325227922  -0.014161395957098663  -0.28309871083162563  0
1  0.5271994732262403  0.04802620715342647  -0.031850579693574355  -0.42430779759320925  0
1  0.5300015918467048  0.0640682520569612  -0.056591697640043036  -0.5651055333734964  0
1  0.5336064312050628  0.08013833357872822  -0.08836058756181042  -0.7053436471715223  0
1  0.5380155542539594  0.09624265701824634  -0.12712542751514644  -0.8448626637484763  0
1  0.5432308213831808  0.11238686321010763  -0.17284610845005952  -0.9834892645330485  0
1  0.5492543596847211  0.12857593210034926  -0.2254734774786607  -1.1210337666551116  0
1  0.5560885276117694  0.1448140958218692  -0.28494845839543087  -1.257287748209733  0
1  0.5637358755519988  0.16110476312622599  -0.35120105748536623  -1.3920218495705565  0
1  0.5721991029302643  0.17745045709184912  -0.4241492641863438  -1.524983781964494  0
1  0.5814810125529848  0.19385276805682372  -0.5036978577608302  -1.6558965753356465  0
1  0.5915844630040205  0.21031232370379122  -0.5897371327439442  -1.7844570975038383  0
1  0.6025123199969715  0.22682877814157992  -0.6821415575214611  -1.9103348755069196  0
1  0.6142674076780773  0.24340082167115656  -0.7807683818918043  -2.0331712475754076  0
1  0.6268524609533316  0.26002621268352905  -0.8854562108089544  -2.1525788702375186  0
1  0.6402700799787207  0.2767018328096701  -0.9960235626091488  -2.2681415994731777  0
1  0.6545226879992126  0.2934237660280396  -1.1122674308098905  -2.3794147575954523  0
1  0.669612493746018  0.3101874019407956  -1.2339618689525726  -2.4859257887102078  0
1  0.6855414595989652  0.3269875628690664  -1.360856617863853  -2.587175295379589  0
1  0.7023112766887148  0.3438186538113771  -1.4926757940721698  -2.6826384378026953  0
1  0.7199233480502762  0.36067483368447717  -1.6291166568893276  -2.7717666648520485  0
1  0.7383787808447265  0.37755020565451175  -1.7698484698316448  -2.8539897341876674  0
1  0.7576783885416699  0.3944390238040344  -1.914511469617558  -2.928717966998768  0
1  0.7778227038041676  0.41133591290286964  -2.062715952976185  -2.9953446723102783  0
1  0.7988120026457444  0.42823609769238513  -2.2140414880022936  -3.053248666831934  0
1  0.8206463402423838  0.44513563788251875  -2.3680362528942203  -3.1017968095472694  0
1  0.8433255985892198  0.46203166502059195  -2.524216500733212  -3.1403464660484106  0
1  0.8668495460008288  0.478922617532561  -2.6820661446433336  -3.1682478162757146  0
1  0.8912179082748968  0.49580847056202004  -2.8410364533568235  -3.1848459208939683  0
1  0.916430451180616  0.5126909577298754  -3.0005458430460985  -3.1894824659133705  0
1  0.9424870738037066  0.5295737825875851  -3.15997974740549  -3.181497112045709  0
1  0.9693879121864766  0.5464628183098961  -3.318690544488991  -3.1602283842185783  0
1  0.9971334526491313  0.5633662950335614  -3.4759975158244183  -3.1250140470807932  0
1  1.02572465417109  0.5802949751577372  -3.631186810888053  -3.0751909235818653  0
1  1.0551630792497984  0.5972623178405692  -3.783511388162798  -3.0100941251493163  0
1  1.085451032738975  0.6142846348183671  -3.932190902710994  -2.929055673018445  0
1  1.116591708296199  0.6313812405069519  -4.076411509435865  -2.8314025003883585  0
1  1.1485893422375641  0.6485746000935214  -4.215325550926737  -2.7164538339294033  0
1  1.1814493748000403  0.6658904799723094  -4.3480510989125545  -2.583517960578029  0
1  1.2151786190445386  0.6833581054043447  -4.473671318812162  -2.431888391569065  0
1  1.2497854378883357  0.7010103306799003  -4.591233627602476  -2.2608394405626533  0
1  1.2852799300277142  0.7188838273204827  -4.699748616182457  -2.069621237097093  0
1  1.32167412579313  0.7370192959586882  -4.798188708583331  -1.8574542013476036  0
1  1.3589821942614961  0.7554617074496266  -4.885486531810216  -1.623523012617446  0
1  1.3972206632230226  0.774260578445443  -4.9605329719214435  -1.3669701139960637  0
1  1.436408653849871  0.7934702860178514  -5.02217489439285  -1.086888811791489  0
1  1.476568132121702  0.8131504248015257  -5.069212510260408  -0.7823160543227798  0
1  1.5177241792012413  0.8333662083317154  -5.100396374584612  -0.452225015575612  0
1  1.5599052829800046  0.8541889134206755  -5.114424011334266  -0.09551767237510012  0
2  0.0  1.0471975511965976  0.0  0.0  0
2  0.05235987755982988  1.0470549852715996  0.0  0.016128917363071055  0
2  0.1047055881297185  1.0466408712581252  0.0016114377026627737  0.06429819527306825  0
2  0.15702422453571663  1.0459947347445828  0.006425535507410461  0.14387213494919837  0
2  0.20930546856446017  1.0451788099106047  0.01599196059870572  0.25385573913898263  0
2  0.2615426248594488  1.0442732680170193  0.03180265732811965  0.3929794688625957  0
2  0.31373338623976904  1.0433706187267062  0.05528046404447918  0.5597995482250978  0
2  0.3658803079999844  1.0425700397724817  0.08777296998707149  0.7528009133419342  0
2  0.41799100529091565  1.0419722715361277  0.13055144160574272  0.9704918355859391  0
2  0.4700781152529293  1.0416755045799004  0.1848141693484728  1.211482720268781  0
2  0.5221590813465103  1.0417724580895569  0.2516933051866069  1.4745454597919507  0
2  0.5742558217797583  1.0423486492117553  0.33226417230285493  1.7586531032108792  0
2  0.6263943397069638  1.0434817158689424  0.4275560892134261  2.063002001890226  0
2  0.6786043233942198  1.0452415834502564  0.5385639048049966  2.387019908300724  0
2  0.7309187729760735  1.0476912477642386  0.6662596355928604  2.730363911158129  0
2  0.7833736790948608  1.0508879652826424  0.8116037923237721  3.0929118677634717  0
2  0.8360077690100799  1.0548846798477867  0.9755561556688025  3.4747504262561977  0
2  0.8888623282796102  1.0597315594019034  1.159085899261679  3.8761620387342197  0
2  0.9419811008885889  1.0654775584564087  1.3631810611391355  4.297612695707344  0
2  0.9954102674663359  1.0721719576268  1.5888574355250542  4.7397415395292635  0
2  1.0491984995904589  1.0798658592196264  1.8371670020001412  5.203353066005465  0
2  1.1033970877218733  1.0886136379076792  2.1092060348811725  5.6894122952707935  0
2  1.158060140684458  1.0984743591053414  2.4061230477907043  6.199043065190174  0
2  1.213244855506478  1.1095131860751934  2.72912673134475  6.733529446266121  0
2  1.2690118576511187  1.1218028011849552  3.0794940386063123  7.294320167885651  0
2  1.3254256130024207  1.1354248678102552  3.45857856498733  7.88303585285885  0
2  1.3825549142865383  1.1504715573132394  3.867819356708303  8.501478750120318  0
2  1.4404734457354318  1.1670471597872958  4.3087502632196575  9.151644498725783  0
2  1.499260430532976  1.1852697863767603  4.7830099206662  9.83573520384223  0
2  1.5590013656129134  1.2052731521598068  5.29235240938506  10.556172692155588  0
3  0.0  0.0  -10.0  1.0  0
3  6.521739130434783e-08  2.6086173913043482e-06  -9.9500015  0.9999400018  0
3  2.609243490068045e-07  5.222086942455345e-06  -9.900006000460014  0.9998799560004504  0
3  5.874887501066621e-07  7.845424005075415e-06  -9.850013505040506  0.9998198113357529  0
3  1.0455295890088137e-06  1.048366273840074e-05  -9.800024019968756  0.9997595163497645  0
3  1.6359181589687968e-06  1.3141865769782554e-05  -9.750037554050847  0.9996990192970541  0
3  2.359779717690669e-06  1.5825133909572685e-05  -9.700054118688605  0.9996382680436062  0
3  3.2184956402616807e-06  1.8538615939035606e-05  -9.650073727901525  0.9995772099667811  0
3  4.213706063542882e-06  2.1287518490068982e-05  -9.600096398353708  0.99951579185434  0
3  5.347313027077817e-06  2.4077116035690307e-05  -9.550122149385883  0.9994539598023419  0
3  6.621484116534223e-06  2.69127610104594e-05  -9.500151003052562  0.9993916591117145  0
3  8.038656616657856e-06  2.979989408025534e-05  -9.450182984164398  0.9993288341833031  0
3  9.601542181695223e-06  3.2744054581112515e-05  -9.40021812033584  0.9992654284111943  0
3  1.1313132032234833e-05  3.5750891147144475e-05  -9.350256442038157  0.9992013840741097  0
3  1.3176702688426603e-05  3.882617254794653e-05  -9.300297982657948  0.9991366422246636  0
3  1.5195822250568146e-05  4.19757987562696e-05  -9.250342778561249  0.9990711425762684  0
3  1.737435723909683e-05  4.520581226719913e-05  -9.20039086916335  0.999004823387475  0
3  1.9716480007099737e-05  4.8522409690555014e-05  -9.150442297004464  0.9989376213435227  0
3  2.222667673955199e-05  5.1931953638752236e-05  -9.100497107831394  0.9988694714348735  0
3  2.4909756054619605e-05  5.544098493292837e-05  -9.050555350685347  0.9988003068324968  0
3  2.7770858223517928e-05  5.9056235150754275e-05  -9.00061707799607  0.9987300587596659  0
3  3.081546502660346e-05  6.278463953999934e-05  -8.950682345682488  0.9986586563600197  0
3  3.4049410264597304e-05  6.663335032262408e-05  -8.900751213260031  0.998586026561637  0
3  3.7478890945095304e-05  7.06097504149215e-05  -8.850823743954871  0.9985120939368622  0
3  4.111047916581532e-05  7.472146759002648e-05  -8.800900004825257  0.9984367805576146  0
3  4.4951134717368585e-05  7.897638910996075e-05  -8.750980066890225  0.9983600058459016  0
3  4.9008218429722405e-05  8.338267685528121e-05  -8.701064005265888  0.9982816864192511  0
3  5.328950628794795e-05  8.794878298135363e-05  -8.651151899309593  0.9982017359307664  0
3  5.780320434432262e-05  9.268346613128368e-05  -8.60124383277221  0.9981200649034956  0
3  6.255796445538391e-05  9.759580823660457e-05  -8.551339893958858  0.9980365805587981  0
3  6.756290087411428e-05  0.00010269523193794771  -8.501440175898347  0.9979511866383801  0
3  7.282760772907652e-05  0.00010799151865911185  -8.451544776521706  0.9978637832196571  0
3  7.836217742402085e-05  0.00011349482736919896  -8.401653798850091  0.9977742665240882  0
3  8.417721999324997e-05  0.00011921571406880469  -8.351767351192473  0.9976825287181164  0
3  9.028388344986207e-05  0.00012516515203763983  -8.301885547353459  0.9975884577063318  0
3  9.669387516589593e-05  0.00013135455288241932  -8.25200850685166  0.9974919369164613  0
3  0.0001034194843253815  0.00013779578842538985  -8.202136355149015  0.9973928450757731  0
3  0.00011047360549335742  0.00014450121347547965  -8.152269223891523  0.9972910559784652  0
3  0.00011786976334605731  0.00015148368952574602  -8.102407251161814  0.9971864382435948  0
3  0.00012562213860969367  0.00015875660942257317  -8.052550581744102  0.9970788550630809  0
3  0.0001337455952575867  0.00016633392305393578  -8.002699367401956  0.9969681639393  0
3  0.00014225570901779856  0.00017423016410599872  -7.952853767169481  0.9968542164117687  0
3  0.00015116879724594705  0.000182460477939371  -7.903013947656437  0.9967368577723915  0
3  0.0001605019502204915  0.0001910406506384805  -7.853180083367886  0.9966159267687259  0
3  0.00017027306392051154  0.00019998713928978402  -7.803352357038984  0.9964912552946963  0
3  0.00018050087434884275  0.0002093171035468853  -7.753530959985562  0.9963626680681643  0
3  0.00019120499346639728  0.00021904843854310006  -7.703716092471156  0.9962299822947356  0
3  0.0002024059468065877  0.00022919980921459152  -7.653907964091213  0.9960930073171594  0
3  0.0002141252128419943  0.0002397906860999049  -7.604106794175181  0.9959515442496492  0
3  0.00022638526417877682  0.0002508413826845597  -7.554312812207278  0.9958053855964204  0
3  0.00023920961065783744  0.00026237309436232177  -7.504526258266731  0.9956543148537175  0
3  0.0002526228444453975  0.00027440793908787707  -7.454747383488344  0.9954981060945635  0
3  0.00026665068719946736  0.00028696899979887116  -7.404976450544266  0.9953365235354388  0
3  0.00028132003940266895  0.0003000803686886722  -7.355213734147883  0.9951693210840556  0
3  0.00029665903195602507  0.00031376719341476284  -7.305459521580811  0.9949962418673631  0
3  0.0003126970801326665  0.00032805572533137716  -7.2557141132439975  0.9948170177388762  0
3  0.0003294649399949327  0.0003429733698388807  -7.205977823233972  0.9946313687643853  0
3  0.0003469947673830663  0.00035854873894644796  -7.156250979945378  0.9944390026850589  0
3  0.00036532017958863355  0.0003748117061488363  -7.106533926700918  0.9942396143569111  0
3  0.0003844763198309506  0.0003917934637224901  -7.056827022409936  0.9940328851655581  0
3  0.0004044999246601709  0.0004095265825508461  -7.007130642256889  0.9938184824151428  0
3  0.00042542939441630166  0.00042804507459356066  -6.957445178421036  0.9935960586902548  0
3  0.0004473048668792756  0.0004473844581194434  -6.907771040828722  0.9933652511896232  0
3  0.0004701682942513257  0.00046758182582818265  -6.8581086579396935  0.9931256810303044  0
3  0.0004940635236192975  0.0004886759159914801  -6.808458477568967  0.9928769525210316  0
3  0.000519036381051208  0.0005107071867500004  -6.7588209677458115  0.9926186524033321  0
3  0.0005451347594883267  0.0005337178937085873  -6.709196617611501  0.9923503490589591  0
3  0.0005724087106013334  0.0005577521709785159  -6.65958593835756  0.9920715916821174  0
3  0.0006009105407867059  0.0005828561158221556  -6.609989464206294  0.9917819094148976  0
3  0.0006306949114874281  0.0006090778770623186  -6.560407753435489  0.9914808104442615  0
3  0.0006618189440304008  0.0006364677474257763  -6.510841389449244  0.9911677810588484  0
3  0.000694342329181594  0.000665078259997963  -6.461290981896995  0.9908422846637943  0
3  0.0007283274416290239  0.0006949642889737568  -6.4117571678428655  0.990503760751678  0
3  0.0007638394596130842  0.0007261831548974506  -6.362240612987596  0.9901516238276202  0
3  0.0008009464899336261  0.0007587947345936211  -6.312742012945382  0.989785262286479  0
3  0.0008397196985734854  0.0007928615759995786  -6.2632620945780895  0.9894040372399898  0
3  0.0008802334471889226  0.0008284490181194597  -6.213801617389384  0.9890072812916035  0
3  0.0009225654357286801  0.0008656253163298218  -6.164361374981454  0.9885942972566774  0
3  0.0009667968514551061  0.0009044617732768329  -6.114942196577128  0.9881643568255679  0
3  0.0010130125246530616  0.0009450328756158402  -6.065544948610288  0.9877166991670667  0
3  0.0010613010913251392  0.0009874164368552675  -6.016170536387647  0.9872505294695066  0
3  0.0011117551631851018  0.0010316937465784575  -5.966819905825052  0.9867650174167454  0
3  0.0011644715052754346  0.0010779497263292536  -5.9174940452616624  0.9862592955961127  0
3  0.0012195512215494992  0.0011262730924598426  -5.868193987355461  0.9857324578352743  0
3  0.0012770999487740314  0.0011767565262526662  -5.818920811063751  0.9851835574648333  0
3  0.0013372280591236573  0.001229496851642085  -5.769675643712405  0.9846116055033471  0
3  0.0014000508718557355  0.001284595220875971  -5.720459663157861  0.9840155687612916  0
3  0.0014656888744712165  0.001342157308472536  -5.6712741000459825  0.9833943678603495  0
3  0.0015342679537853632  0.0014022935138434992  -5.622120240172122  0.9827468751642416  0
3  0.0016059196373511288  0.0014651191729711983  -5.572999426946902  0.9820719126171485  0
3  0.0016807813456977995  0.0015307547795444618  -5.523913063972439  0.9813682494856001  0
3  0.0017589966558681808  0.0015993262159760449  -5.474862617733938  0.9806345999995244  0
3  0.0018407155767592135  0.001670964994743189  -5.425849620411811  0.9798696208879597  0
3  0.0019260948367934572  0.0017458085105124547  -5.3768756728197085  0.9790719088047336  0
3  0.0020152981844724404  0.0018240003035304175  -5.327942447474068  0.9782399976392087  0
3  0.002108496702387475  0.0019056903347831385  -5.2790516918010715  0.9773723557069754  0
3  0.002205869135289229  0.0019910352734495867  -5.230205231487136  0.976467382815153  0
3  0.0023076022328441677  0.002080198797197396  -5.181404973979336  0.9755234071967195  0
3  0.0024138911077339984  0.0021733519058935637  -5.132652912142465  0.9745386823080538  0
3  0.0025249396097834953  0.0022706732493279562  -5.083951128079711  0.9735113834836153  0
3  0.0026409607168326184  0.002372349469573817  -5.0353017971242515  0.9724396044414225  0
3  0.0027621769431007267  0.002478575558636944  -4.986707192009382  0.9713213536327191  0
3  0.002888820765823969  0.0025895552320738162  -4.938169687225149  0.9701545504289268  0
3  0.0030211350709816787  0.002705501319288789  -4.8896917635697905  0.9689370211386892  0
3  0.003159373618963866  0.0028266361712515425  -4.841276012904664  0.9676664948474984  0
3  0.003303801531069759  0.002953192086408364  -4.79292514312173  0.9663405990720786  0
3  0.0034546957977668424  0.0030854117555945285  -4.744641983333047  0.9649568552213613  0
3  0.003612345809681071  0.003223548726790163  -4.696429489292159  0.9635126738555463  0
3  0.0037770539123319477  0.003367867890598476  -4.6482907490576935  0.962005349734377  0
3  0.003949135985671031  0.0035186459873632414  -4.6002289889099215  0.960432056645391  0
3  0.004128922049529256  0.0036761721368819104  -4.552247579531535  0.9587898420025166  0
3  0.004316756896127261  0.003840748391711795  -4.504350042464359  0.9570756212049896  0
3  0.004513000750853861  0.004012690315109406  -4.456540056854235  0.9552861717461498  0
3  0.004718029962570865  0.004192327584687296  -4.408821466496862  0.9534181270612512  0
3  0.004932237724757805  0.004380004622918724  -4.361198287197907  0.9514679701029787  0
3  0.0051560348288678184  0.004576081255668052  -4.313674714461296  0.9494320266329143  0
3  0.005389850451326042  0.00478093339997417  -4.266255131520185  0.9473064582167252  0
3  0.005634132975664483  0.0049949537823653165  -4.21894411772574  0.9450872549103732  0
3  0.005889350851352559  0.0052185526890364785  -4.171746457309491  0.9427702276241501  0
3  0.006155993490950408  0.005452158749275178  -4.124667148535719  0.9403510001508476  0
3  0.006434572207282727  0.0056962197535777425  -4.077711413260998  0.9378250008438553  0
3  0.00672562119240445  0.005951203507956225  -4.030884706918774  0.9351874539304647  0
3  0.007029698540206054  0.006217598725995871  -3.9841927289475922  0.9324333704451281  0
3  0.007347387314585778  0.006495915960284402  -3.9376414336823546  0.9295575387668942  0
3  0.0076792966651986734  0.006786688574897334  -3.8912370417288074  0.9265545147447031  0
3  0.008026062992878207  0.007090473760687925  -3.8449860518422803  0.9234186113936961  0
3  0.008388351166915178  0.007407853595196143  -3.798895253332551  0.9201438881451621  0
3  0.008766855796471108  0.00773943614905794  -3.752971739017595  0.9167241396322227  0
3  0.009162302558499008  0.008085856640864105  -3.707222918749892  0.9131528839928476  0
3  0.009575449584643585  0.008447778642486643  -3.661656533539881  0.9094233506713025  0
3  0.010007088909695613  0.008825895336959844  -3.6162806703021286  0.9055284676986625  0
3  0.010458047984281224  0.00922093083107254  -3.5711037772507432  0.9014608484325902  0
3  0.01092919125457649  0.00963364152489711  -3.5261346799715705  0.8972127777361878  0
3  0.011421421811950617  0.010064817540549161  -3.4813825981997306  0.8927761975753816  0
3  0.011935683115557507  0.010515284212538806  -3.436857163332083  0.8881426920140273  0
3  0.012472960791015094  0.010985903642139562  -3.3925684367052575  0.8833034715857143  0
3  0.013034284508434794  0.011477576318263174  -3.3485269286709474  0.8782493570211415  0
3  0.013620729943189332  0.011991242807387352  -3.3047436185012065  0.8729707623099345  0
3  0.014233420822935938  0.012527885515137335  -3.261229975157564  0.8674576770759086  0
3  0.014873531064543281  0.013088530522170242  -3.2179979789588016  0.8616996482450683  0
3  0.015542287004704013  0.013674249497051809  -3.1750601441832673  0.855685760986106  0
3  0.016240969728150235  0.014286161688846784  -3.132429542642604  0.8494046189038498  0
3  0.01697091749752587  0.014925436002165074  -3.090119828264718  0.8428443234670467  0
3  0.01773352828910744  0.015593293157413458  -3.0481452627247263  0.8359924526531015  0
3  0.01853026243870223  0.016291007938994885  -3.006520742163442  0.8288360387939603  0
3  0.019362645402189443  0.01701991153417115  -2.9652618250337253  0.821361545609297  0
3  0.020232270635304955  0.017781393965256832  -2.9243847611156406  0.8135548444155835  0
3  0.02114080259740199  0.01857690661773897  -2.88390652174188  0.805401189502575  0
3  0.022089979884047733  0.019407964866813808  -2.8438448312752507  0.7968851926723025  0
3  0.023081618493437338  0.0202761508046942  -2.8042181998801734  0.7879907969399195  0
3  0.024117615231720582  0.021183116070863057  -2.7650459576300506  0.7787012494008149  0
3  0.025199951262440193  0.022130584787223753  -2.7263482899920124  0.7689990732743852  0
3  0.026330695805372086  0.023120356599819702  -2.6881462747298595  0.7588660391418962  0
3  0.027512009990133673  0.024154309828454863  -2.650461920264962  0.7482831354041125  0
3  0.028746150869983618  0.025234404725134916  -2.613318205533369  0.7372305379939944  0
3  0.030035475601271074  0.026362686841755058  -2.5767391213753554  0.7256875793909617  0
3  0.03138244579400025  0.02754129050687258  -2.5407497134910066  0.7136327169962131  0
3  0.03278963203895205  0.028772442410707533  -2.505376126992118  0.7010435009436192  0
3  0.03425971861674285  0.03005846529669728  -2.470645652576558  0.6878965414380585  0
3  0.035795508394094615  0.03140178175697395  -2.4365867743461753  0.6741674757330411  0
3  0.03739992791243303  0.03280491812801824  -2.4032292192832214  0.6598309348824336  0
3  0.03907603267371318  0.034270508481447456  -2.3706040083928777  0.6448605104274301  0
3  0.04082701262808494  0.03580129870339643  -2.338743509510737  0.629228721210074  0
3  0.042656197867643235  0.03740015065421937  -2.3076814917637067  0.6129069805390888  0
3  0.044567064530047926  0.03907004639825086  -2.277453181660588  0.5958655639730861  0
3  0.04656324091523192  0.04081409249108008  -2.248095320774295  0.5780735780309764  0
3  0.04864851381772754  0.04263552430918023  -2.219646224960981  0.5594989301902866  0
3  0.05082683507631343  0.04453771040375268  -2.192145845041955  0.5401083005918154  0
3  0.053102328341697584  0.04652415685725144  -2.165635828851805  0.5198671159344358  0
3  0.05547929606178508  0.04859851161719929  -2.140159584530226  0.4987395261177641  0
3  0.057962226682706695  0.050764568777541985  -2.1157623449051917  0.4766883842737864  0
3  0.06055580206218106  0.053026272772856736  -2.0924912327808403  0.45367523092240386  0
3  0.06326490508991774  0.05538772244517736  -2.0703953269042183  0.42966028309129295  0
3  0.06609462750760958  0.05785317493696029  -2.049525728340198  0.4046024293586291  0
3  0.06905027791857346  0.060427049356730295  -2.0299356269328452  0.37845923190927966  0
3  0.0721373899742411  0.06311393015614777  -2.011680367473489  0.3511869368422537  0
3  0.07536173072143279  0.06591857014856771  -1.9948175151299723  0.32274049413073064  0
3  0.07872930909062192  0.06884589308955283  -1.9794069196171973  0.293073588817069  0
3  0.0822463845011689  0.0719009957292042  -1.965510777505193  0.26213868522494704  0
3  0.08591947555471828  0.07508914923453476  -1.9531936919665922  0.229887086190192  0
3  0.08975536878255969  0.07841579986740116  -1.9425227291595846  0.1962690095516998  0
3  0.09376112740669768  0.0818865687897124  -1.9335674703240866  0.16123368440460184  0
3  0.0979441000676029  0.08550725085275983  -1.9264000585369767  0.12472946989955658  0
3  0.10231192946407425  0.08928381221160872  -1.9210952389257516  0.08670399967421327  0
3  0.10687256084227895  0.09322238658864487  -1.9177303909778545  0.04710435532425267  0
3  0.11163425026181059  0.09732926999272841  -1.9163855514043078  0.005877272659734034  0
3  0.11660557255647873  0.10161091368218746  -1.9171434258203537  -0.03703061515565621  0
3  0.12179542889649547  0.10607391514139305  -1.9200893872920115  -0.08167249312438259  0
3  0.12721305384674994  0.11072500682230631  -1.9253114595655016  -0.12810103377346882  0
3  0.13286802180297916  0.11557104238471963  -1.9329002825464763  -0.1763680151759459  0
3  0.13877025267390364  0.12061898015262101  -1.9429490573285388  -0.22652388212329105  0
3  0.1449300166628859  0.12587586349006155  -1.9555534677869018  -0.27861724463376414  0
3  0.15135793798752656  0.13134879778917677  -1.9708115754553053  -0.33269430773013076  0
3  0.15806499736003124  0.13704492375689922  -1.9888236840955718  -0.38879822624266147  0
3  0.16506253303542912  0.142971386686953  -2.00969217005372  -0.4469683783161032  0
3  0.1723622402191498  0.1491353014117525  -2.03352127418014  -0.5072395513538337  0
3  0.1799761686105182  0.15554371264692315  -2.060416850781368  -0.5696410343548142  0
3  0.18791671784496458  0.1622035504716719  -2.090486068776858  -0.6341956110302741  0
3  0.19619663058585335  0.1691215807337457  -2.1238370599673515  -0.7009184487727671  0
3  0.20482898300762445  0.176304350231007  -2.16057850909592  -0.7698158795394442  0
3  0.2138271724063771  0.18375812660559707  -2.2008191802148835  -0.8408840700554785  0
3  0.2232049016732107  0.1914888329941045  -2.244667373780701  -0.9141075804940897  0
3  0.23297616037081686  0.19950197761075297  -2.292230308906101  -0.9894578129953476  0
3  0.24315520216635844  0.20780257860258308  -2.343613425328121  -1.0668913540889977  0
3  0.25375651839504043  0.2163950847074152  -2.398919599928113  -1.1463482183174523  0
3  0.26479480756049345  0.2252832924674566  -2.458248273092134  -1.2277500041266807  0
3  0.2762849406216553  0.23447026100268523  -2.5216944808544848  -1.3109979773932106  0
3  0.2882419219726643  0.24395822562561692  -2.5893477896493082  -1.3959711027406225  0
3  0.3006808460935709  0.25374851187737807  -2.661291131627695  -1.4825240479841517  0
3  0.31361684993631295  0.26384145187600516  -2.7375995398980186  -1.5704851924944725  0
3  0.32706506121276735  0.2742363051802886  -2.8183387847245744  -1.6596546758040358  0
3  0.34104054286954183  0.2849311866716694  -2.903563913672594  -1.7498025281453544  0
3  0.35555823416643256  0.2959230042248183  -2.9933177009011933  -1.8406669295053926  0
3  0.3706328889201117  0.3072074091538145  -3.087629013247829  -1.9319526478446913  0
3  0.38627901162848155  0.31877876256239873  -3.1865111033674003  -2.0233297099626353  0
3  0.40251079234991827  0.3306301207697768  -3.289959842914236  -2.114432359666693  0
3  0.4193420413698052  0.34275324290482817  -3.3979519114924055  -2.204858357003097  0
3  0.43678612483770113  0.3551386235411306  -3.510442959735171  -2.2941686689481005  0
3  0.4548559026946627  0.3677755528680529  -3.627365767276388  -2.381887595842011  0
3  0.4735636703235293  0.3806522063522617  -3.7486284184013408  -2.4675033687966286  0
3  0.4929211054371452  0.3937557651426041  -3.8741125196627038  -2.5504692413121557  0
3  0.5129392217627379  0.40707256762495475  -4.00367148457418  -2.6302050835971356  0
3  0.5336283310783079  0.4205882915710913  -4.1371289105201825  -2.7060994710158544  0
3  0.5549980151039838  0.4342881652890663  -4.274277072141786  -2.777512239343379  0
3  0.577057108645364  0.44815720512573654  -4.414875553612284  -2.84377745995073  0
3  0.5998136952273565  0.4621804756576613  -4.558650039383182  -2.9042067686980744  0
3  0.6232751162496883  0.4763433680013792  -4.7052912792009325  -2.9580929643034017  0
3  0.6474479944462134  0.490631890943804  -4.854454238561213  -3.004713776403722  0
3  0.6723382721497262  0.5050329690966012  -5.005757440431264  -3.043335691465346  0
3  0.6979512645651574  0.5195347420603624  -5.158782498229631  -3.073217716962919  0
3  0.7242917279516554  0.5341268586726935  -5.31307383394038  -3.093614961383902  0
3  0.7513639423238913  0.5488007608153844  -5.4681385691085245  -3.103781909831223  0
3  0.7791718080204822  0.5635499519538198  -5.623446570569613  -3.102975282123823  0
3  0.8077189552668933  0.5783702465399941  -5.77843062734581  -3.0904563718029374  0
3  0.8370088656934183  0.5932599975747628  -5.932486730395141  -3.0654927794985016  0
3  0.867045004664642  0.6082203009289996  -6.084974422982672  -3.0273594716205374  0
3  0.8978309632403846  0.6232551763950643  -6.235217186446656  -2.975339114111121  0
3  0.9293706086211168  0.6383717268081779  -6.382502824091607  -2.9087216498015893  0
3  0.9616682420313145  0.6535802778775556  -6.526083804826152  -2.8268031056337857  0
3  0.9947287631573337  0.6688945025467328  -6.665177527895279  -2.728883631669951  0
3  1.028557840474949  0.6843315347233094  -6.798966470511049  -2.614264786728166  0
3  1.0631620870670233  0.6999120780579738  -6.926598181211204  -2.482246095224573  0
3  1.0985492418344343  0.7156605161035294  -7.047185083206464  -2.3321209062746044  0
3  1.1347283563338915  0.7316050306512923  -7.1598040536521905  -2.163171589507056  0
3  1.171709987825681  0.7477777353371238  -7.263495746553953  -1.974664102881836  0
3  1.2095063994744095  0.7642148317475159  -7.3572636287773445  -1.7658419668744985  0
3  1.248131769009016  0.7809567952484734  -7.440072700315705  -1.5359196778044457  0
3  1.2876024075075214  0.7980485976053502  -7.510847871574065  -1.284075592295215  0
3  1.3279369903195841  0.8155399731375017  -7.568471972035252  -1.0094443167653928  0
3  1.369156802466471  0.8334857346004075  -7.611783366474107  -0.7111086429725464  0
3  1.4112860011501838  0.8519461441010308  -7.639573157212229  -0.38809108637569945  0
3  1.4543518982408066  0.870987342944627  -7.650581954289664  -0.03934511316871242  0
3  1.4983852657617354  0.8906818420858438  -7.643496200679739  0.3362538090419424  0
3  1.5434206674060649  0.9111090713507625  -7.616944047991568  0.7399171231651447  0
4  0.0  0.0  0.0  -10.0  0
4  -6.521739130434782e-07  -2.608617391304348e-05  -0.49998500000000007  -9.999400018  0
4  -2.6092434900672484e-06  -5.222086942441713e-05  -0.9999399953998644  -9.998799560004507  0
4  -5.874887501046234e-06  -7.845424004943974e-05  -1.4998649495949392  -9.998198113357558  0
4  -1.0455295889937061e-05  -0.000104836627378008  -1.9997598003124402  -9.997595163497781  0
4  -1.6359181589030244e-05  -0.00013141865767877427  -2.4996244594915424  -9.996990192970976  0
4  -2.35977971747875e-05  -0.00015825133904709827  -2.999458813113985  -9.996382680437176  0
4  -3.218495639699987e-05  -0.0001853861592831706  -3.4992627209848655  -9.995772099670264  0
4  -4.213706062245258e-05  -0.00021287518468810027  -3.9990360164632057  -9.995157918548259  0
4  -5.347313024371164e-05  -0.00024077115996751363  -4.498778506141776  -9.994539598032304  0
4  -6.621484111317276e-05  -0.00026912760943432877  -4.99848996947556  -9.993916591132415  0
4  -8.038656607215427e-05  -0.0002979989397048553  -5.498170158358151  -9.993288341857992  0
4  -9.601542165458933e-05  -0.00032744054408522606  -5.9978187966452685  -9.992654284151106  0
4  -0.00011313132005480012  -0.00035750890884840006  -6.4974355796244865  -9.992013840800483  0
4  -0.00013176702645893335  -0.00038826172160559574  -6.997020173430143  -9.991366422334126  0
4  -0.00015195822184992528  -0.00041975798198001855  -7.49657221440233  -9.99071142588844  0
4  -0.00017374357140636273  -0.0004520581147951542  -7.99609130838872  -9.990048234051702  0
4  -0.00019716479862633506  -0.0004852240859947092  -8.495577029987896  -9.989376213679638  0
4  -0.00022226676531835203  -0.0005193195215165076  -8.995028921732741  -9.988694714680863  0
4  -0.00024909755761265347  -0.0005544098293483033  -9.49444649321231  -9.988003068769839  0
4  -0.0002777085781577819  -0.0005905623249995561  -9.99382922013051  -9.987300588184961  0
4  -0.00030815464467914876  -0.0006278463606297516  -10.49317654329978  -9.986586564369318  0
4  -0.0003404940950885236  -0.0006663334580808405  -10.992487867567858  -9.985860266611603  0
4  -0.0003747888993459347  -0.0007060974460688373  -11.49176256067554  -9.985120940644558  0
4  -0.00041110477828841486  -0.0007472146017975705  -11.990999952043284  -9.984367807198288  0
4  -0.0004495113296533794  -0.0007897637972660308  -12.490199331484316  -9.983600060505644  0
4  -0.0004900821615382158  -0.0008338266505497321  -12.989359947841763  -9.982816866756846  0
4  -0.0005328950335519139  -0.0008794876823460049  -13.48848100754722  -9.982017362500352  0
4  -0.0005780320059293068  -0.0009268344780831966  -13.987561673097968  -9.981200652986946  0
4  -0.0006255795968937507  -0.0009759578559043768  -14.48660106144995  -9.980365810453836  0
4  -0.0006756289485698733  -0.0010269520408473598  -14.985598242323396  -9.979511872345526  0
4  -0.0007282760017643999  -0.0010799148455546805  -15.484552236417887  -9.978637839468009  0
4  -0.0007836216799500512  -0.0011349478578596142  -15.9834620135334  -9.977742674072788  0
4  -0.0008417720828051322  -0.0011921566356074412  -16.48232649059376  -9.976825297867041  0
4  -0.0009028386896797246  -0.001251650909084944  -16.981144529568716  -9.975884589946126  0
4  -0.0009669385733784019  -0.0013135447914456118  -17.479914935290637  -9.974919384644492  0
4  -0.0010341946246691296  -0.0013779569975332518  -17.978636453161666  -9.973928469300871  0
4  -0.0011047357879485364  -0.0014450110715226768  -18.477307766746943  -9.97291058193349  0
4  -0.0011786973085150883  -0.0015148356238128984  -18.975927495249284  -9.971864408820881  0
4  -0.0012562209919238945  -0.0015875645776258285  -19.474494190860472  -9.970788581983639  0
4  -0.001337455475919977  -0.00166333742578191  -19.973006335984113  -9.969681676562367  0
4  -0.0014225565154708767  -0.0017422994981433869  -20.47146234032472  -9.968542208086783  0
4  -0.0015116872814444975  -0.0018246022402361335  -20.969860537837476  -9.967368629630798  0
4  -0.0016050186735041558  -0.0019104035035820992  -21.468199183532825  -9.966159328848155  0
4  -0.0017027296478199397  -0.0019998678482965595  -21.96647645012979  -9.964912624882981  0
4  -0.0018050075602237675  -0.0020931668585275004  -22.464690424551623  -9.963626765149396  0
4  -0.0019120485254649849  -0.002190479471338654  -22.96283910425709  -9.962299921974049  0
4  -0.0020240577932540364  -0.0022919923196629936  -23.460920393400347  -9.960930189095231  0
4  -0.002141250141813738  -0.002397900089979917  -23.95893209881215  -9.959515578011926  0
4  -0.0022638502896910077  -0.0025084058953969202  -24.456871925794633  -9.958054014175875  0
4  -0.0023920933266166583  -0.002623721664845394  -24.954737473721718  -9.956543333019498  0
4  -0.0025262251642370805  -0.002744068549130205  -25.452526231436675  -9.954981275812127  0
4  -0.002666503007579382  -0.002869677344604112  -25.950235572438153  -9.953365485336793  0
4  -0.002813195848150916  -0.003000788935270745  -26.447862749845434  -9.951693501379394  0
4  -0.0029665849796151377  -0.003137654754153977  -26.94540489113335  -9.949962756021801  0
4  -0.0031269645370285127  -0.00328053726480703  -27.442858992626856  -9.948170568730076  0
4  -0.003294642060667745  -0.003429710463871649  -27.94022191374476  -9.946314141228616  0
4  -0.0034699390855230778  -0.003585460405636171  -28.437490370981717  -9.944390552150661  0
4  -0.003653191757581828  -0.003748085749581397  -28.93466093161699  -9.942396751455238  0
4  -0.0038447514780767956  -0.003917898331944811  -29.431730007138135  -9.940329554600149  0
4  -0.004044985576926759  -0.004095223762376988  -29.92869384636707  -9.938185636460272  0
4  -0.004254278016651088  -0.004280402046808999  -30.42554852827557  -9.93596152497994  0
4  -0.0044730301280975675  -0.00447378823769626  -30.92228995447657  -9.933653594547765  0
4  -0.004701661379382001  -0.004675753112852669  -31.418913841377147  -9.93125805908181  0
4  -0.004940610179500083  -0.004886683884139022  -31.915415711978316  -9.928770964812491  0
4  -0.0051903347181365  -0.005106984937321539  -32.41179088730631  -9.926188182750217  0
4  -0.005451313843263337  -0.005337078604470067  -32.90803447745913  -9.92350540082413  0
4  -0.005724047978189702  -0.005577405970320888  -33.404141372251694  -9.920718115677964  0
4  -0.0060090600797971525  -0.005828427714086284  -33.90010623144197  -9.91782162410839  0
4  -0.006306896639771029  -0.0060906249882518824  -34.39592347451992  -9.914811014130782  0
4  -0.006618128730716398  -0.0063645003359634154  -34.891587270040255  -9.911681155656765  0
4  -0.006943353099128876  -0.006650578648666687  -35.387091524479104  -9.908426690767396  0
4  -0.007283193307275402  -0.006949408165728303  -35.88242987059406  -9.905042023565274  0
4  -0.007638300926127988  -0.007261561517829848  -36.37759565526606  -9.90152130958838  0
4  -0.0080093567815848  -0.007587636815994621  -36.872581926800834  -9.89785844476787  0
4  -0.008397072256307495  -0.0079282587881736  -37.36738142166653  -9.894047053911585  0
4  -0.008802190649601811  -0.0082840799653857  -37.86198655064351  -9.890080478694502  0
4  -0.009225488597869893  -0.008655781919476484  -38.35638938436102  -9.88595176513688  0
4  -0.009667777558267726  -0.009044076554628837  -38.8505816381948  -9.881653650550424  0
4  -0.010129905358309509  -0.009449707454828449  -39.34455465649833  -9.877178549932347  0
4  -0.010612757814272629  -0.00987345128955576  -39.83829939613987  -9.872518541786865  0
4  -0.011117260421372245  -0.01031611928004383  -40.331806409315845  -9.867665353353344  0
4  -0.011644380118793065  -0.010778558728507713  -40.82506582561067  -9.86261034522007  0
4  -0.01219512713278787  -0.011261654612814665  -41.31806733327155  -9.857344495302485  0
4  -0.012770556901177317  -0.011766331249125104  -41.810800159666066  -9.851858382164636  0
4  -0.01337177208271356  -0.01229355402509051  -42.30325305088916  -9.846142167662704  0
4  -0.013999924654900799  -0.012844331206245424  -42.79541425048506  -9.840185578889661  0
4  -0.01465621810399903  -0.013419715818274997  -43.2872714772487  -9.833977889400504  0
4  -0.015341909711072247  -0.014020807607875527  -43.77881190207021  -9.827507899698102  0
4  -0.016058312938079057  -0.014648755084951476  -44.270022123784905  -9.820763916960502  0
4  -0.01680679991814134  -0.015304757648906389  -44.760888143990485  -9.813733733991663  0
4  -0.017588804054264606  -0.01599006780178471  -45.25139534079213  -9.806404607378969  0
4  -0.018405822730921364  -0.016705993451003886  -45.741528441435456  -9.798763234842696  0
4  -0.019259420143045075  -0.01745390030437836  -46.23127149378656  -9.790795731764781  0
4  -0.02015123024711615  -0.018235214360075518  -46.720607836617866  -9.782487606887019  0
4  -0.02108295983915149  -0.019051424494054187  -47.20952006865803  -9.773823737172  0
4  -0.022056391764534097  -0.01990408514741449  -47.69799001636387  -9.764788341824163  0
4  -0.023073388264737076  -0.02079481911592812  -48.185998700372416  -9.755364955472933  0
4  -0.0241358944661054  -0.02172532044381479  -48.67352630059123  -9.745536400525554  0
4  -0.025245942015956282  -0.022697357423576408  -49.160552119885736  -9.735284758703765  0
4  -0.026405652871342635  -0.023712775703388127  -49.64705454632328  -9.724591341786173  0
4  -0.02761724324589028  -0.024773501503165558  -50.133011013934784  -9.713436661587211  0
4  -0.028883027720165207  -0.025881544939970396  -50.618397961956745  -9.701800399214042  0
4  -0.030205423521047745  -0.027039003462870997  -51.10319079251868  -9.68966137365499  0
4  -0.031586954975581436  -0.02824806539672737  -51.5873638267441  -9.676997509767205  0
4  -0.033030258144720284  -0.029511013593607038  -52.07089025923682  -9.663785805747578  0
4  -0.03453808564231273  -0.03083022918964331  -52.553742110929164  -9.65000230018979  0
4  -0.03611331164452697  -0.03220819546410196  -53.03589018027419  -9.635622038851983  0
4  -0.03775893709473246  -0.03364750179620635  -53.51730399277082  -9.620619041284451  0
4  -0.03947809510859691  -0.03515084771386095  -53.99795174881908  -9.604966267495215  0
4  -0.0412740565838275  -0.03672104702678439  -54.47780026991203  -9.588635584863923  0
4  -0.04315023601856647  -0.03836103203468625  -54.956814943182714  -9.57159773555177  0
4  -0.04511019754193289  -0.04007385779896606  -55.43495966433743  -9.553822304697459  0
4  -0.0471576611595684  -0.04186270646394312  -55.9121967790226  -9.53527768973753  0
4  -0.049296509216279136  -0.043730891610803735  -56.388487022690626  -9.515931071244117  0
4  -0.05153079307695008  -0.045681862624235764  -56.86378945905098  -9.495748385735318  0
4  -0.05386474002582051  -0.04771920904806426  -57.33806141721765  -9.474694300983604  0
4  -0.0563027603829277  -0.04984666490205547  -57.811258427691804  -9.452732194427028  0
4  -0.05884945483502396  -0.0520681129273675  -58.28333415735102  -9.42982413537744  0
4  -0.06150962197652135  -0.054387588722836853  -58.75424034365364  -9.405930871820384  0
4  -0.0642882660539875  -0.05680928472834121  -59.223926728308925  -9.381011822714207  0
4  -0.0671906049053705  -0.05933755400480762  -59.69234099071235  -9.355025076822104  0
4  -0.0702220780824325  -0.06197691375297766  -60.15942868150019  -9.327927399251678  0
4  -0.07338835514178052  -0.06473204850473264  -60.62513315664002  -9.299674247033357  0
4  -0.0766953440863539  -0.06760781291156034  -61.089395512544634  -9.27021979524282  0
4  -0.08014919993521431  -0.07060923404455047  -61.55215452277643  -9.239516975364737  0
4  -0.08375633339493622  -0.07374151310908844  -62.01334657699945  -9.207517527806505  0
4  -0.08752341960075986  -0.07701002646513476  -62.472905622937084  -9.17417207070235  0
4  -0.09145740688989315  -0.0804203258306066  -62.93076311220669  -9.139430187400604  0
4  -0.09556552556287629  -0.08397813753091786  -63.38684795102838  -9.1032405353006  0
4  -0.09985529658170075  -0.08768936064221172  -63.84108645694579  -9.065550978999985  0
4  -0.10433454014535051  -0.09156006385930587  -64.29340232285232  -9.026308751027694  0
4  -0.1090113840745597  -0.09559648090198414  -64.74371658978805  -8.985460643770262  0
4  -0.1138942719278193  -0.09980500425519512  -65.19194763016166  -8.942953236547035  0
4  -0.11899197075998515  -0.10419217702022401  -65.63801114325796  -8.898733162148607  0
4  -0.12431357842322874  -0.10876468263535344  -66.0818201651168  -8.852747417516767  0
4  -0.12986853029753861  -0.11352933220640647  -66.5232850951119  -8.80494372360521  0
4  -0.13566660532455782  -0.11849304917049798  -66.96231374181892  -8.755270939807918  0
4  -0.1417179312043038  -0.12366285100110061  -67.39881139104001  -8.703679538663048  0
4  -0.1480329885993746  -0.12904582765014708  -67.83268089914499  -8.65012214681761  0
4  -0.1546226141757692  -0.1346491164145425  -68.26382281519447  -8.594554158451906  0
4  -0.16149800229367453  -0.14047987291159497  -68.69213553562496  -8.536934427487541  0
4  -0.1686707051458115  -0.14654523785219428  -69.11751549559334  -8.47722604490975  0
4  -0.17615263112559124  -0.15285229931405314  -69.53985740139356  -8.415397207389406  0
4  -0.18395604119292305  -0.15940805024222288  -69.95905450866123  -8.35142218305327  0
4  -0.19209354299266732  -0.16621934094290663  -70.37499895136322  -8.285282379679028  0
4  -0.20057808247019857  -0.17329282639203694  -70.78758212681556  -8.216967519736416  0
4  -0.20942293272124238  -0.18063490825501993  -71.19669514216815  -8.146476925506471  0
4  -0.21864167981011584  -0.1882516716113726  -71.60222932792247  -8.073820915935544  0
4  -0.2282482052929306  -0.19614881650046678  -72.00407682408611  -7.999022314868509  0
4  -0.23825666519153105  -0.20433158455469158  -72.40213124449419  -7.922118067810819  0
4  -0.24868146518137463  -0.21280468116590712  -72.79628842461634  -7.843160961355236  0
4  -0.2595372317837237  -0.2215721938410154  -73.1864472577925  -7.762221435854903  0
4  -0.27083877939093814  -0.23063750764244068  -73.57251062427451  -7.679389477830052  0
4  -0.282601073004804  -0.24000321887717466  -73.95438641666561  -7.594776573990625  0
4  -0.29483918663302194  -0.2496710484894923  -74.33198866432349  -7.5085177037078354  0
4  -0.30756825736924964  -0.25964175692053776  -74.70523875800339  -7.420773341386307  0
4  -0.320803435278067  -0.2699150625127534  -75.07406677445317  -7.331731434638859  0
4  -0.33455982931795336  -0.28048956584533513  -75.43841289882886  -7.241609318670288  0
4  -0.3488524496621361  -0.2913626826719636  -75.79822894068558  -7.15065552211621  0
4  -0.36369614691737057  -0.3025305883742806  -76.15347993693969  -7.059151415096879  0
4  -0.37910554889168346  -0.31398817702172604  -76.50414583263614  -6.967412646821376  0
4  -0.3950949957200135  -0.3257290382166765  -76.85022322765384  -6.875790318134558  0
4  -0.4116784743164857  -0.33774545487957774  -77.19172717472588  -6.784671834366147  0
4  -0.42886955327754805  -0.35002842497010317  -77.52869301144673  -6.694481386123402  0
4  -0.4466813195041668  -0.3625677098297376  -77.86117820641013  -6.605680010607883  0
4  -0.4651263179357582  -0.37535191135782925  -78.18926419740998  -6.518765193868824  0
4  -0.484216495885241  -0.3883685795956794  -78.51305819789002  -6.4342699852153045  0
4  -0.5039631535254181  -0.4016043515018222  -78.832694946696  -6.352761608691045  0
4  -0.5243769020945629  -0.4150451207795228  -79.14833837580402  -6.274839572743448  0
4  -0.5454676313578075  -0.42867623760148227  -79.46018317118757  -6.201133297433999  0
4  -0.5672444877770928  -0.4424827360162171  -79.76845620342513  -6.132299297958788  0
4  -0.5897158647051911  -0.45644958577528033  -80.07341780708005  -6.069017982905764  0
4  -0.6128894057309997  -0.4705619643564785  -80.37536289128819  -6.011990144471691  0
4  -0.6367720220696615  -0.4848055441428105  -80.67462186829802  -5.961933234654216  0
4  -0.6613699246211775  -0.4991667891126003  -80.97156139179124  -5.919577535133746  0
4  -0.6866886710270249  -0.5136332550550949  -81.26658490249224  -5.88566233823283  0
4  -0.7127332277501558  -0.5281938872833776  -81.5601329846278  -5.860932261305139  0
4  -0.7395080469051969  -0.542839310088405  -81.85268354297739  -5.846133816804742  0
4  -0.7670171572885512  -0.5575621027577276  -82.1447518163007  -5.842012355130525  0
4  -0.7952642688173525  -0.5723570578415226  -82.43689024859536  -5.8493094875152885  0
4  -0.8242528893948561  -0.5872214184392398  -82.7296882447046  -5.868761082459227  0
4  -0.8539864530880548  -0.6021550925400752  -83.023771841086  -5.9010959124886995  0
4  -0.8844684584378657  -0.617160843808756  -83.319803325949  -5.9470350095237166  0
4  -0.9157026157262567  -0.6322444595919194  -83.61848084541121  -6.007291768096934  0
4  -0.9476930020976608  -0.6474148982613794  -83.92053803381552  -6.082572817272422  0
4  -0.9804442235702359  -0.6626844192504169  -84.22674370695174  -6.173579665408332  0
4  -1.0139615831696056  -0.678068700233201  -84.53790165674641  -6.281011107713389  0
4  -1.04825125466546  -0.6935869468165198  -84.85485058516458  -6.405566375404683  0
4  -1.083320461680511  -0.7092620008436145  -85.17846421377006  -6.547948997419505  0
4  -1.1191776622622163  -0.7251204539520736  -85.5096516037833  -6.708871340990298  0
4  -1.1558327393511145  -0.7411927733913698  -85.8493577197122  -6.8890597955768165  0
4  -1.1932971979369407  -0.7575134473055992  -86.19856426783933  -7.0892605649836975  0
4  -1.2315843700571294  -0.77412115673704  -86.55829083911678  -7.310246033996168  0
4  -1.2707096291546012  -0.7910589815114966  -86.92959638437652  -7.552821677236478  0
4  -1.3106906156655835  -0.8083746469148483  -87.31358104816545  -7.8178334774763645  0
4  -1.3515474760451713  -0.8261208176209099  -87.71138838582077  -8.106175816102201  0
4  -1.3933031177469584  -0.844355444599047  -88.12420798634341  -8.418799786826563  0
4  -1.4359834829364133  -0.8631421695665633  -88.55327852076496  -8.756721860962857  0
4  -1.479617843909301  -0.8825507897108543  -88.999891231356  -9.121032792856221  0
4  -1.5242391232647952  -0.9026577825041018  -89.46539387017005  -9.51290658914156  0
4  -1.5698842417828471  -0.9235468858747324  -89.95119508454985  -9.933609263434978  0
5  0.2617993877991494  0.5235987755982988  0.0  0.0  0
5  0.288150106115037  0.5307011656270344  -0.0007795924210571188  -0.03134271465723422  0
5  0.31486934252556487  0.5383254278691011  -0.003129093499623962  -0.06243378950394376  0
5  0.3419824798428047  0.546442538169877  -0.007017438491714351  -0.09251096985563521  0
5  0.36951342229999296  0.5550225663242433  -0.012374339852340672  -0.12077041530623239  0
5  0.39748455993101306  0.5640350791390617  -0.01908835284073555  -0.1463727481616219  0
5  0.42591675384941985  0.5734495699366794  -0.02700525537373004  -0.16844951725888851  0
5  0.45482934356485727  0.5832359063243343  -0.03592675974698229  -0.18610993577731436  0
5  0.48424017702839905  0.5933647867517129  -0.04560956604602048  -0.1984477255052315  0
5  0.5141656635979401  0.6038081955798575  -0.05576475813228942  -0.20454788169410865  0
5  0.5446208495882378  0.6145398461797189  -0.0660575334536339  -0.20349316377284837  0
5  0.5756195155489165  0.6255356020084065  -0.07610724809953931  -0.19437011867459408  0
5  0.6071742939297559  0.636773866660482  -0.0854877490261126  -0.1762744552953144  0
5  0.6392968053757848  0.6482359354909317  -0.09372795671574882  -0.14831560969283697  0
5  0.671997811570274  0.6599063034399332  -0.10031265414324449  -0.10962036927750277  0
5  0.7052873823299992  0.6717729260086827  -0.10468343211919467  -0.05933545807455122  0
5  0.7391750745645052  0.6838274327763684  -0.10623973706829308  0.0033709785397756653  0
5  0.7736701207414839  0.6960652952492488  -0.10433996513091631  0.07930901513911578  0
5  0.8087816246479715  0.7084859530508567  -0.0983025460736747  0.16926770573105704  0
5  0.8445187624895109  0.7210929043858271  -0.08740696166546637  0.2740169249589957  0
5  0.8808909877096769  0.7338937682655096  -0.07089464563889852  0.3943102321273765  0
5  0.9179082383207027  0.7469003271386023  -0.047969715776082805  0.5308886836802068  0
5  0.9555811459920045  0.7601285593292966  -0.017799492673967424  0.6844855113700914  0
5  0.9939212466279245  0.7735986710844561  0.020485235992601027  0.8558315816108313  0
5  1.0329411926621552  0.7873351381274469  0.06779024269764011  1.0456615555229807  0
5  1.0726549677905393  0.8013667664781895  0.12505821190413804  1.2547206777370743  0
5  1.1130781053462993  0.8157267819969523  0.1932694463005947  1.4837721336624337  0
5  1.1542279119857275  0.8304529577052002  0.2734429545163196  1.7336049280482106  0
5  1.1961236987941901  0.845587787475116  0.36663794536844196  2.0050422504997605  0
5  1.2387870223399273  0.8611787141787987  0.47395575227535636  2.2989503042123176  0
5  1.2822419385946537  0.8772784198312836  0.5965422104997928  2.61624758025706  0
5  1.3265152730015721  0.8939451845823612  0.7355905090699472  2.957914558439496  0
5  1.371636910294572  0.9112433204776387  0.8923445381173561  3.325003803228522  0
5  1.4176401079398948  0.9292436844915274  1.068102750292222  3.718650394177536  0
5  1.464561837251982  0.9480242730682359  1.2642225508818141  4.140082576892532  0
5  1.512443156274647  0.9676708967216536  1.4821252238155493  4.590632431562318  0
5  1.5613296183284484  0.988277927264765  1.7233013877592933  5.071746214444317  0
6  0.2617993877991494  -0.5235987755982988  0.0  0.0  0
6  0.2357902285552071  -0.5170462811027293  -0.0007795924210571188  -0.03087616444202389  0
6  0.21009461690419381  -0.511069712379052  -0.003082890071044435  -0.06062213856673135  0
6  0.18468312591384733  -0.5056933049889216  -0.006837497588918755  -0.08863117554225068  0
6  0.15952516776993267  -0.5009391375549791  -0.011942139791562556  -0.11435657927853365  0
6  0.1345891074035579  -0.496826920607856  -0.018269747093922786  -0.13731470702544754  0
6  0.10984238569660187  -0.4933738233913001  -0.025670675823968134  -0.15708738602941447  0
6  0.08525165043564256  -0.49059433545563624  -0.0339760354370469  -0.17332380354994617  0
6  0.060782893361813584  -0.48850015933613034  -0.0430010979008197  -0.18574193796410782  0
6  0.03640159185734132  -0.487100130490801  -0.05254876802912773  -0.1941295999979648  0
6  0.012072853998979942  -0.4864001609309083  -0.06241309694459998  -0.19834514791390692  0
6  -0.01223843412380446  -0.48640320356368655  -0.07238282383891678  -0.19831792969806528  0
6  -0.036567459797086976  -0.48710923511142984  -0.08224493352477154  -0.1940484901360738  0
6  -0.060949334665091684  -0.488515256493145  -0.09178821874853897  -0.18560856251374372  0
6  -0.08541894616626487  -0.4906153106671919  -0.10080683674348984  -0.17314084501049945  0
6  -0.11001081030985058  -0.4934005190450265  -0.10910384901190467  -0.15685854219353257  0
6  -0.13475892676236664  -0.4968591386067761  -0.1164947318693126  -0.13704463389439725  0
6  -0.1596966373433904  -0.5009766426916206  -0.12281084297962115  -0.11405081863284161  0
6  -0.18485648919669964  -0.5057358290194407  -0.12790282614229537  -0.08829606801575814  0
6  -0.21027010409125832  -0.5111169587558199  -0.13164393321325493  -0.06026472337913323  0
6  -0.2359680554988607  -0.5170979303075943  -0.13393323855553524  -0.030504067297112393  0
6  -0.26197975527137296  -0.5236544910002437  -0.1346987181690966  0.00037868895841684097  0
6  -0.28833335187946185  -0.5307604888388358  -0.1339001630058624  0.03172004522449151  0
6  -0.3150556422561239  -0.5383881652208726  -0.13153189429505796  0.0628045001920306  0
6  -0.3421719992942239  -0.5465084878173315  -0.1276252483102762  0.09286947935286893  0
6  -0.3697063169637492  -0.5550915209672551  -0.12225079916461504  0.12111086271046966  0
6  -0.3976809748335359  -0.5641068289714823  -0.11552029109235461  0.14668903691490132  0
6  -0.42611682350292535  -0.573523905773902  -0.1075882563172641  0.1687353618681382  0
6  -0.45503319207821635  -0.5833126228439052  -0.09865330093943785  0.18635891018967765  0
6  -0.48444791838196705  -0.5934436857742923  -0.08895904908009725  0.19865331183913387  0
6  -0.5143774020824865  -0.6038890893138631  -0.07879474446753167  0.20470351792309016  0
6  -0.5448366804042402  -0.6146225603535372  -0.06849551828659671  0.20359228892799303  0
6  -0.5758395255587486  -0.625619978819251  -0.05844234194298246  0.1944062141763713  0
6  -0.6073985625519372  -0.6368597674784996  -0.04906169288467765  0.17624108114331546  0
6  -0.6395254056076795  -0.6483232432703561  -0.040824970275504406  0.14820643442235268  0
6  -0.6722308111235766  -0.6599949248049687  -0.03424770469836961  0.10942919282002206  0
6  -0.705524844862155  -0.6718627929992426  -0.02988861185443276  0.059056226916457316  0
6  -0.7394170609889068  -0.6839185042565683  -0.0283485442242719  -0.0037441642397808422  0
6  -0.7739166905998711  -0.6961575579985556  -0.030269396813073227  -0.07978190255730354  0
6  -0.8090328375298599  -0.7085794225730592  -0.03633302349224091  -0.16984589836508607  0
6  -0.844774679485587  -0.7211876254838478  -0.04726021926836185  -0.2747058992586591  0
6  -0.8811516728887859  -0.7339898154401148  -0.06380982133878302  -0.39511536129375674  0
6  -0.9181737602231692  -0.746997804876178  -0.08677797836811318  -0.5318152680676684  0
6  -0.9558515791354318  -0.7602276023481995  -0.1169976334006068  -0.6855388148863559  0
6  -0.9941966730251679  -0.7736994446113437  -0.155338261559607  -0.857016873516895  0
6  -1.0332217033547575  -0.78743783827491  -0.20270589949235016  -1.0469841570791942  0
6  -1.0729406644044617  -0.8014716207934746  -0.2600434996574619  -1.2561860132146008  0
6  -1.1133691016802199  -0.8158340502490391  -0.3283316392162632  -1.485385785329437  0
6  -1.1545243356454695  -0.8305629329744108  -0.40858961059302684  -1.7353726948353356  0
6  -1.1964256928899737  -0.8457007976060054  -0.5018769187446809  -2.0069702101364073  0
6  -1.2390947472660834  -0.8612951236533468  -0.6092952087661853  -2.301044878688739  0
6  -1.2825555739141936  -0.8773986321150901  -0.7319906464886441  -2.6185156044891444  0
6  -1.32683501946052  -0.8940696449909571  -0.8711567739122381  -2.960363351969636  0
6  -1.3719629919931573  -0.9113725196019211  -1.0280378602021287  -3.3276412446549255  0
6  -1.417972774689399  -0.9293781622086104  -1.203932766887481  -3.7214849977196813  0
6  -1.464901367146946  -0.9481646231434372  -1.4001993418500789  -4.14312357000505  0
6  -1.5127898585097703  -0.9678177719738256  -1.6182593492157884  -4.593889831703967  0
6  -1.5616838362870555  -0.9884320452129718  -1.8596039292313271  -5.07523090184486  0
7  -0.2617993877991494  0.5235987755982988  0.0  0.0  0
7  -0.2357902285552071  0.5170462811027293  0.0007795924210571188  0.03087616444202389  0
7  -0.21009461690419381  0.511069712379052  0.003082890071044435  0.06062213856673135  0
7  -0.18468312591384733  0.5056933049889216  0.006837497588918755  0.08863117554225068  0
7  -0.15952516776993267  0.5009391375549791  0.011942139791562556  0.11435657927853365  0
7  -0.1345891074035579  0.496826920607856  0.018269747093922786  0.13731470702544754  0
7  -0.10984238569660187  0.4933738233913001  0.025670675823968134  0.15708738602941447  0
7  -0.08525165043564256  0.49059433545563624  0.0339760354370469  0.17332380354994617  0
7  -0.060782893361813584  0.48850015933613034  0.0430010979008197  0.18574193796410782  0
7  -0.03640159185734132  0.487100130490801  0.05254876802912773  0.1941295999979648  0
7  -0.012072853998979942  0.4864001609309083  0.06241309694459998  0.19834514791390692  0
7  0.01223843412380446  0.48640320356368655  0.07238282383891678  0.19831792969806528  0
7  0.036567459797086976  0.48710923511142984  0.08224493352477154  0.1940484901360738  0
7  0.060949334665091684  0.488515256493145  0.09178821874853897  0.18560856251374372  0
7  0.08541894616626487  0.4906153106671919  0.10080683674348984  0.17314084501049945  0
7  0.11001081030985058  0.4934005190450265  0.10910384901190467  0.15685854219353257  0
7  0.13475892676236664  0.4968591386067761  0.1164947318693126  0.13704463389439725  0
7  0.1596966373433904  0.5009766426916206  0.12281084297962115  0.11405081863284161  0
7  0.18485648919669964  0.5057358290194407  0.12790282614229537  0.08829606801575814  0
7  0.21027010409125832  0.5111169587558199  0.13164393321325493  0.06026472337913323  0
7  0.2359680554988607  0.5170979303075943  0.13393323855553524  0.030504067297112393  0
7  0.26197975527137296  0.5236544910002437  0.1346987181690966  -0.00037868895841684097  0
7  0.28833335187946185  0.5307604888388358  0.1339001630058624  -0.03172004522449151  0
7  0.3150556422561239  0.5383881652208726  0.13153189429505796  -0.0628045001920306  0
7  0.3421719992942239  0.5465084878173315  0.1276252483102762  -0.09286947935286893  0
7  0.3697063169637492  0.5550915209672551  0.12225079916461504  -0.12111086271046966  0
7  0.3976809748335359  0.5641068289714823  0.11552029109235461  -0.14668903691490132  0
7  0.42611682350292535  0.573523905773902  0.1075882563172641  -0.1687353618681382  0
7  0.45503319207821635  0.5833126228439052  0.09865330093943785  -0.18635891018967765  0
7  0.48444791838196705  0.5934436857742923  0.08895904908009725  -0.19865331183913387  0
7  0.5143774020824865  0.6038890893138631  0.07879474446753167  -0.20470351792309016  0
7  0.5448366804042402  0.6146225603535372  0.06849551828659671  -0.20359228892799303  0
7  0.5758395255587486  0.625619978819251  0.05844234194298246  -0.1944062141763713  0
7  0.6073985625519372  0.6368597674784996  0.04906169288467765  -0.17624108114331546  0
7  0.6395254056076795  0.6483232432703561  0.040824970275504406  -0.14820643442235268  0
7  0.6722308111235766  0.6599949248049687  0.03424770469836961  -0.10942919282002206  0
7  0.705524844862155  0.6718627929992426  0.02988861185443276  -0.059056226916457316  0
7  0.7394170609889068  0.6839185042565683  0.0283485442242719  0.0037441642397808422  0
7  0.7739166905998711  0.6961575579985556  0.030269396813073227  0.07978190255730354  0
7  0.8090328375298599  0.7085794225730592  0.03633302349224091  0.16984589836508607  0
7  0.844774679485587  0.7211876254838478  0.04726021926836185  0.2747058992586591  0
7  0.8811516728887859  0.7339898154401148  0.06380982133878302  0.39511536129375674  0
7  0.9181737602231692  0.746997804876178  0.08677797836811318  0.5318152680676684  0
7  0.9558515791354318  0.7602276023481995  0.1169976334006068  0.6855388148863559  0
7  0.9941966730251679  0.7736994446113437  0.155338261559607  0.857016873516895  0
7  1.0332217033547575  0.78743783827491  0.20270589949235016  1.0469841570791942  0
7  1.0729406644044617  0.8014716207934746  0.2600434996574619  1.2561860132146008  0
7  1.1133691016802199  0.8158340502490391  0.3283316392162632  1.485385785329437  0
7  1.1545243356454695  0.8305629329744108  0.40858961059302684  1.7353726948353356  0
7  1.1964256928899737  0.8457007976060054  0.5018769187446809  2.0069702101364073  0
7  1.2390947472660834  0.8612951236533468  0.6092952087661853  2.301044878688739  0
7  1.2825555739141936  0.8773986321150901  0.7319906464886441  2.6185156044891444  0
7  1.32683501946052  0.8940696449909571  0.8711567739122381  2.960363351969636  0
7  1.3719629919931573  0.9113725196019211  1.0280378602021287  3.3276412446549255  0
7  1.417972774689399  0.9293781622086104  1.203932766887481  3.7214849977196813  0
7  1.464901367146946  0.9481646231434372  1.4001993418500789  4.14312357000505  0
7  1.5127898585097703  0.9678177719738256  1.6182593492157884  4.593889831703967  0
7  1.5616838362870555  0.9884320452129718  1.8596039292313271  5.07523090184486  0
8  -0.2617993877991494  -0.5235987755982988  0.0  0.0  0
8  -0.288150106115037  -0.5307011656270344  0.0007795924210571188  0.03134271465723422  0
8  -0.31486934252556487  -0.5383254278691011  0.003129093499623962  0.06243378950394376  0
8  -0.3419824798428047  -0.546442538169877  0.007017438491714351  0.09251096985563521  0
8  -0.36951342229999296  -0.5550225663242433  0.012374339852340672  0.12077041530623239  0
8  -0.39748455993101306  -0.5640350791390617  0.01908835284073555  0.1463727481616219  0
8  -0.42591675384941985  -0.5734495699366794  0.02700525537373004  0.16844951725888851  0
8  -0.45482934356485727  -0.5832359063243343  0.03592675974698229  0.18610993577731436  0
8  -0.48424017702839905  -0.5933647867517129  0.04560956604602048  0.1984477255052315  0
8  -0.5141656635979401  -0.6038081955798575  0.05576475813228942  0.20454788169410865  0
8  -0.5446208495882378  -0.6145398461797189  0.0660575334536339  0.20349316377284837  0
8  -0.5756195155489165  -0.6255356020084065  0.07610724809953931  0.19437011867459408  0
8  -0.6071742939297559  -0.636773866660482  0.0854877490261126  0.1762744552953144  0
8  -0.6392968053757848  -0.6482359354909317  0.09372795671574882  0.14831560969283697  0
8  -0.671997811570274  -0.6599063034399332  0.10031265414324449  0.10962036927750277  0
8  -0.7052873823299992  -0.6717729260086827  0.10468343211919467  0.05933545807455122  0
8  -0.7391750745645052  -0.6838274327763684  0.10623973706829308  -0.0033709785397756653  0
8  -0.7736701207414839  -0.6960652952492488  0.10433996513091631  -0.07930901513911578  0
8  -0.8087816246479715  -0.7084859530508567  0.0983025460736747  -0.16926770573105704  0
8  -0.8445187624895109  -0.7210929043858271  0.08740696166546637  -0.2740169249589957  0
8  -0.8808909877096769  -0.7338937682655096  0.07089464563889852  -0.3943102321273765  0
8  -0.9179082383207027  -0.7469003271386023  0.047969715776082805  -0.5308886836802068  0
8  -0.9555811459920045  -0.7601285593292966  0.017799492673967424  -0.6844855113700914  0
8  -0.9939212466279245  -0.7735986710844561  -0.020485235992601027  -0.8558315816108313  0
8  -1.0329411926621552  -0.7873351381274469  -0.06779024269764011  -1.0456615555229807  0
8  -1.0726549677905393  -0.8013667664781895  -0.12505821190413804  -1.2547206777370743  0
8  -1.1130781053462993  -0.8157267819969523  -0.1932694463005947  -1.4837721336624337  0
8  -1.1542279119857275  -0.8304529577052002  -0.2734429545163196  -1.7336049280482106  0
8  -1.1961236987941901  -0.845587787475116  -0.36663794536844196  -2.0050422504997605  0
8  -1.2387870223399273  -0.8611787141787987  -0.47395575227535636  -2.2989503042123176  0
8  -1.2822419385946537  -0.8772784198312836  -0.5965422104997928  -2.61624758025706  0
8  -1.3265152730015721  -0.8939451845823612  -0.7355905090699472  -2.957914558439496  0
8  -1.371636910294572  -0.9112433204776387  -0.8923445381173561  -3.325003803228522  0
8  -1.4176401079398948  -0.9292436844915274  -1.068102750292222  -3.718650394177536  0
8  -1.464561837251982  -0.9480242730682359  -1.2642225508818141  -4.140082576892532  0
8  -1.512443156274647  -0.9676708967216536  -1.4821252238155493  -4.590632431562318  0
8  -1.5613296183284484  -0.988277927264765  -1.7233013877592933  -5.071746214444317  0
9  0.2617993877991494  0.0  0.0  0.0  0
9  0.26203522008805147  0.009432969021443  -0.002328586429349923  -0.09313586755876235  0
9  0.2627428605490034  0.018878933222721515  -0.009315028378646945  -0.1863617264015399  0
9  0.26392328894810246  0.02835107105976932  -0.02096619333774153  -0.2797717515704966  0
9  0.26557814268833313  0.03786249222748857  -0.03729362387018635  -0.3734583168829543  0
9  0.2677097124965262  0.047426202093712844  -0.058313424676801104  -0.46751106851576296  0
9  0.270320936299052  0.0570550645587526  -0.0840461026789264  -0.5620159670409574  0
9  0.2734153911949029  0.06676176284805613  -0.11451635828839325  -0.6570542878897777  0
9  0.2769972834108915  0.07655875777824919  -0.14975282554122932  -0.7527015707474742  0
9  0.2810714361016584  0.08645824308059123  -0.1897877583125887  -0.8490265090888267  0
9  0.28564327483763396  0.0964720974225266  -0.23465665941118535  -0.946089771986621  0
9  0.2907188106077328  0.10661183283958497  -0.28439784898424597  -1.0439427514996782  0
9  0.2963046201511701  0.11688853937862037  -0.33905196836225426  -1.1426262304138408  0
9  0.3024078234252948  0.12731282586153947  -0.39866141525218785  -1.2421689669102323  0
9  0.309036058014763  0.1378947568084052  -0.46326970606628665  -1.3425861949103348  0
9  0.3161974502928506  0.14864378571194456  -0.5329207611703081  -1.443878041432443  0
9  0.3239005831594433  0.15956868503331223  -0.6076581089719928  -1.5460278653153336  0
9  0.332154460203494  0.17067747349188567  -0.6875240050693999  -1.649000525135068  0
9  0.3409684661717582  0.1819773414491261  -0.7725584631623861  -1.7527405880524378  0
9  0.35035232367158614  0.19347457543582286  -0.86279819512039  -1.8571704956482455  0
9  0.36031604609448287  0.20517448313911013  -0.9582754585150007  -1.9621887074650446  0
9  0.3708698868198046  0.21708132044399936  -1.059016811081499  -2.067667847871561  0
9  0.38202428484470863  0.22919822240473595  -1.1650417729782723  -2.173452886849233  0
9  0.39378980708716527  0.24152714029225805  -1.2763613993666387  -2.279359390170026  0
9  0.40617708772266353  0.2540687871108633  -1.3929767677248919  -2.3851718789422285  0
9  0.4191967650405975  0.2668225941828408  -1.5148773864143776  -2.490642342351166  0
9  0.4328594164406922  0.27978668154532566  -1.6420395332914  -2.5954889502813296  0
9  0.4471754923297233  0.2929578449689629  -1.7744245355484944  -2.699395014017931  0
9  0.46215524981969286  0.30633156237336956  -1.9119770043957054  -2.802008243028767  0
9  0.4778086872650706  0.3199020222619681  -2.054623040562716  -2.902940343585034  0
9  0.49414548080240744  0.3336621765144833  -2.2022684288059926  -3.0017670004123618  0
9  0.5111749241636936  0.3476038194510957  -2.354796841519328  -3.0980282754836153  0
9  0.5289058731181608  0.3617176945177368  -2.5120680730425407  -3.1912294484140347  0
9  0.5473466959489215  0.3759936292468074  -2.673916327213528  -3.280842310799045  0
9  0.5665052313847301  0.3904206983421028  -2.8401485809947054  -3.3663069125310563  0
9  0.5863887553783833  0.40498741385253123  -3.0105430465265064  -3.4470337421227657  0
9  0.6070039580488322  0.41968194047835394  -3.1848477526470944  -3.5224063060145614  0
9  0.628356931983292  0.43449233314663394  -3.3627792647353782  -3.5917840545725848  0
9  0.6504531729305294  0.4494067931551259  -3.5440215586947037  -3.654505585918419  0
9  0.6732975937119853  0.4644139384728343  -3.7282250610563166  -3.7098920438372405  0
9  0.6968945519411527  0.47950308325407537  -3.9150058626522477  -3.757250613714098  0
9  0.7212478918839018  0.49466452131563277  -4.103945108238272  -3.7958780115489126  0
9  0.7463610005253779  0.509889808274962  -4.294588559026572  -3.8250638561983896  0
9  0.7722368776460738  0.5251720372663784  -4.486446319526305  -3.844093814420649  0
9  0.7988782194643678  0.5405061036384793  -4.678992714609512  -3.8522524120857957  0
9  0.8262875151882785  0.5558889547681515  -4.871666297534486  -3.8488254127808834  0
9  0.8544671556469607  0.5713198220664637  -5.063869964962074  -3.8331016764102035  0
9  0.8834195530518211  0.5868004333487848  -5.254971150950329  -3.8043744244651565  0
9  0.9131472708745485  0.6023352049367978  -5.444302068622226  -3.761941854445374  0
9  0.9436531628282272  0.6179314140922029  -5.631159965731223  -3.705107062415939  0
9  0.974940519998353  0.6335993535919425  -5.814807358709175  -3.6331772488671863  0
9  1.0070132252905164  0.6493524713910518  -5.99447220893017  -3.545462197992717  0
9  1.0398759145358876  0.665207499340633  -6.169348004779944  -3.441272033484779  0
9  1.073534143817826  0.6811845758062685  -6.338593713569772  -3.3199142644610977  0
9  1.107994562845203  0.6973073677503031  -6.501333568243409  -3.180690142943668  0
9  1.1432650944921197  0.7136031983948123  -6.656656655057765  -3.0228903594473495  0
9  1.1793551209413857  0.73010318697381  -6.803616269843607  -2.845790106029583  0
9  1.216275677202435  0.7468424073201587  -6.941229011966252  -2.6486435372185566  0
9  1.2540396531157256  0.7638600721196263  -7.068473586640712  -2.4306776595002764  0
9  1.29266200529764  0.7811997495974853  -7.18428928779824  -2.1910856807794516  0
9  1.3321599808144482  0.7989096191599138  -7.287574135312286  -1.9290198541434944  0
9  1.3725533546913575  0.8170427720415799  -7.377182642229969  -1.643583857644573  0
9  1.4138646836498288  0.8356575622150947  -7.451923190010783  -1.33382476678804  0
9  1.4561195787037593  0.8548180115326229  -7.510554993118533  -0.9987247032953042  0
9  1.4993469994030537  0.8745942710297566  -7.551784639369311  -0.637192288586913  0
9  1.5435795725454569  0.8950631371135009  -7.574262200290188  -0.24805410202346767  0
10  0.0  0.0  -10.0  10.0  0
10  6.521739130434782e-07  2.608617391304348e-05  -9.500015  9.999400018  0
10  2.6092434900672484e-06  5.222086942441713e-05  -9.000060004600135  9.998799560004507  0
10  5.874887501046234e-06  7.845424004943974e-05  -8.50013505040506  9.998198113357558  0
10  1.0455295889937061e-05  0.000104836627378008  -8.000240199687559  9.997595163497781  0
10  1.6359181589030244e-05  0.00013141865767877427  -7.500375540508457  9.996990192970976  0
10  2.35977971747875e-05  0.00015825133904709827  -7.000541186886014  9.996382680437176  0
10  3.218495639699987e-05  0.0001853861592831706  -6.5007372790151345  9.995772099670264  0
10  4.213706062245258e-05  0.00021287518468810027  -6.000963983536795  9.995157918548259  0
10  5.347313024371164e-05  0.00024077115996751363  -5.501221493858225  9.994539598032304  0
10  6.621484111317276e-05  0.00026912760943432877  -5.001510030524441  9.993916591132415  0
10  8.038656607215427e-05  0.0002979989397048553  -4.50182984164185  9.993288341857992  0
10  9.601542165458933e-05  0.00032744054408522606  -4.002181203354732  9.992654284151106  0
10  0.00011313132005480012  0.00035750890884840006  -3.5025644203755144  9.992013840800483  0
10  0.00013176702645893335  0.00038826172160559574  -3.0029798265698577  9.991366422334126  0
10  0.00015195822184992528  0.00041975798198001855  -2.5034277855976708  9.99071142588844  0
10  0.00017374357140636273  0.0004520581147951542  -2.0039086916112816  9.990048234051702  0
10  0.00019716479862633506  0.0004852240859947092  -1.5044229700121055  9.989376213679638  0
10  0.00022226676531835203  0.0005193195215165076  -1.00497107826726  9.988694714680863  0
10  0.00024909755761265347  0.0005544098293483033  -0.5055535067876913  9.988003068769839  0
10  0.0002777085781577819  0.0005905623249995561  -0.00617077986949216  9.987300588184961  0
10  0.00030815464467914876  0.0006278463606297516  0.4931765432997798  9.986586564369318  0
10  0.0003404940950885236  0.0006663334580808405  0.9924878675678579  9.985860266611603  0
10  0.0003747888993459347  0.0007060974460688373  1.491762560675539  9.985120940644558  0
10  0.00041110477828841486  0.0007472146017975705  1.9909999520432826  9.984367807198288  0
10  0.0004495113296533794  0.0007897637972660308  2.4901993314843143  9.983600060505644  0
10  0.0004900821615382158  0.0008338266505497321  2.989359947841762  9.982816866756846  0
10  0.0005328950335519139  0.0008794876823460049  3.4884810075472186  9.982017362500352  0
10  0.0005780320059293068  0.0009268344780831966  3.987561673097967  9.981200652986946  0
10  0.0006255795968937507  0.0009759578559043768  4.486601061449948  9.980365810453836  0
10  0.0006756289485698733  0.0010269520408473598  4.985598242323395  9.979511872345526  0
10  0.0007282760017643999  0.0010799148455546805  5.484552236417886  9.978637839468009  0
10  0.0007836216799500512  0.0011349478578596142  5.983462013533399  9.977742674072788  0
10  0.0008417720828051322  0.0011921566356074412  6.48232649059376  9.976825297867041  0
10  0.0009028386896797246  0.001251650909084944  6.981144529568717  9.975884589946126  0
10  0.0009669385733784019  0.0013135447914456118  7.479914935290638  9.974919384644492  0
10  0.0010341946246691296  0.0013779569975332518  7.978636453161666  9.973928469300871  0
10  0.0011047357879485364  0.0014450110715226768  8.477307766746945  9.97291058193349  0
10  0.0011786973085150883  0.0015148356238128984  8.975927495249286  9.971864408820881  0
10  0.0012562209919238945  0.0015875645776258285  9.474494190860476  9.970788581983639  0
10  0.001337455475919977  0.00166333742578191  9.973006335984117  9.969681676562367  0
10  0.0014225565154708767  0.0017422994981433869  10.471462340324724  9.968542208086783  0
10  0.0015116872814444975  0.0018246022402361335  10.96986053783748  9.967368629630798  0
10  0.0016050186735041558  0.0019104035035820992  11.468199183532827  9.966159328848155  0
10  0.0017027296478199397  0.0019998678482965595  11.96647645012979  9.964912624882981  0
10  0.0018050075602237675  0.0020931668585275004  12.464690424551625  9.963626765149396  0
10  0.0019120485254649849  0.002190479471338654  12.96283910425709  9.962299921974049  0
10  0.0020240577932540364  0.0022919923196629936  13.46092039340035  9.960930189095231  0
10  0.002141250141813738  0.002397900089979917  13.958932098812154  9.959515578011926  0
10  0.0022638502896910077  0.0025084058953969202  14.45687192579464  9.958054014175875  0
10  0.0023920933266166583  0.002623721664845394  14.954737473721725  9.956543333019498  0
10  0.0025262251642370805  0.002744068549130205  15.452526231436682  9.954981275812127  0
10  0.002666503007579382  0.002869677344604112  15.950235572438162  9.953365485336793  0
10  0.002813195848150916  0.003000788935270745  16.447862749845445  9.951693501379394  0
10  0.0029665849796151377  0.003137654754153977  16.94540489113336  9.949962756021801  0
10  0.0031269645370285127  0.00328053726480703  17.442858992626867  9.948170568730076  0
10  0.003294642060667745  0.003429710463871649  17.94022191374477  9.946314141228616  0
10  0.0034699390855230778  0.003585460405636171  18.437490370981727  9.944390552150661  0
10  0.003653191757581828  0.003748085749581397  18.934660931617  9.942396751455238  0
10  0.0038447514780767956  0.003917898331944811  19.431730007138142  9.940329554600149  0
10  0.004044985576926759  0.004095223762376988  19.92869384636708  9.938185636460272  0
10  0.004254278016651088  0.004280402046808999  20.425548528275577  9.93596152497994  0
10  0.0044730301280975675  0.00447378823769626  20.92228995447658  9.933653594547765  0
10  0.004701661379382001  0.004675753112852669  21.418913841377154  9.93125805908181  0
10  0.004940610179500083  0.004886683884139022  21.915415711978323  9.928770964812491  0
10  0.0051903347181365  0.005106984937321539  22.411790887306314  9.926188182750217  0
10  0.005451313843263337  0.005337078604470067  22.908034477459136  9.92350540082413  0
10  0.005724047978189702  0.005577405970320888  23.404141372251697  9.920718115677964  0
10  0.0060090600797971525  0.005828427714086284  23.900106231441967  9.91782162410839  0
10  0.006306896639771029  0.0060906249882518824  24.395923474519922  9.914811014130782  0
10  0.006618128730716398  0.0063645003359634154  24.89158727004026  9.911681155656765  0
10  0.006943353099128876  0.006650578648666687  25.387091524479114  9.908426690767396  0
10  0.007283193307275402  0.006949408165728303  25.882429870594066  9.905042023565274  0
10  0.007638300926127988  0.007261561517829848  26.37759565526607  9.90152130958838  0
10  0.0080093567815848  0.007587636815994621  26.87258192680084  9.89785844476787  0
10  0.008397072256307495  0.0079282587881736  27.36738142166654  9.894047053911585  0
10  0.008802190649601811  0.0082840799653857  27.86198655064352  9.890080478694502  0
10  0.009225488597869893  0.008655781919476484  28.356389384361034  9.88595176513688  0
10  0.009667777558267726  0.009044076554628837  28.850581638194807  9.881653650550424  0
10  0.010129905358309509  0.009449707454828449  29.344554656498342  9.877178549932347  0
10  0.010612757814272629  0.00987345128955576  29.838299396139877  9.872518541786865  0
10  0.011117260421372245  0.01031611928004383  30.331806409315856  9.867665353353344  0
10  0.011644380118793065  0.010778558728507713  30.825065825610682  9.86261034522007  0
10  0.01219512713278787  0.011261654612814665  31.31806733327156  9.857344495302485  0
10  0.012770556901177317  0.011766331249125104  31.810800159666076  9.851858382164636  0
10  0.01337177208271356  0.01229355402509051  32.30325305088917  9.846142167662704  0
10  0.013999924654900799  0.012844331206245424  32.79541425048507  9.840185578889661  0
10  0.01465621810399903  0.013419715818274997  33.28727147724871  9.833977889400504  0
10  0.015341909711072247  0.014020807607875527  33.77881190207022  9.827507899698102  0
10  0.016058312938079057  0.014648755084951476  34.27002212378491  9.820763916960502  0
10  0.01680679991814134  0.015304757648906389  34.76088814399049  9.813733733991663  0
10  0.017588804054264606  0.01599006780178471  35.251395340792136  9.806404607378969  0
10  0.018405822730921364  0.016705993451003886  35.74152844143546  9.798763234842696  0
10  0.019259420143045075  0.01745390030437836  36.231271493786565  9.790795731764781  0
10  0.02015123024711615  0.018235214360075518  36.72060783661787  9.782487606887019  0
10  0.02108295983915149  0.019051424494054187  37.20952006865804  9.773823737172  0
10  0.022056391764534097  0.01990408514741449  37.697990016363875  9.764788341824163  0
10  0.023073388264737076  0.02079481911592812  38.18599870037242  9.755364955472933  0
10  0.0241358944661054  0.02172532044381479  38.673526300591234  9.745536400525554  0
10  0.025245942015956282  0.022697357423576408  39.16055211988574  9.735284758703765  0
10  0.026405652871342635  0.023712775703388127  39.64705454632329  9.724591341786173  0
10  0.02761724324589028  0.024773501503165558  40.13301101393479  9.713436661587211  0
10  0.028883027720165207  0.025881544939970396  40.61839796195675  9.701800399214042  0
10  0.030205423521047745  0.027039003462870997  41.10319079251869  9.68966137365499  0
10  0.031586954975581436  0.02824806539672737  41.58736382674411  9.676997509767205  0
10  0.033030258144720284  0.029511013593607038  42.070890259236826  9.663785805747578  0
10  0.03453808564231273  0.03083022918964331  42.55374211092917  9.65000230018979  0
10  0.03611331164452697  0.03220819546410196  43.035890180274194  9.635622038851983  0
10  0.03775893709473246  0.03364750179620635  43.51730399277083  9.620619041284451  0
10  0.03947809510859691  0.03515084771386095  43.997951748819084  9.604966267495215  0
10  0.0412740565838275  0.03672104702678439  44.47780026991204  9.588635584863923  0
10  0.04315023601856647  0.03836103203468625  44.95681494318272  9.57159773555177  0
10  0.04511019754193289  0.04007385779896606  45.434959664337434  9.553822304697459  0
10  0.0471576611595684  0.04186270646394312  45.91219677902261  9.53527768973753  0
10  0.049296509216279136  0.043730891610803735  46.38848702269063  9.515931071244117  0
10  0.05153079307695008  0.045681862624235764  46.863789459050984  9.495748385735318  0
10  0.05386474002582051  0.04771920904806426  47.33806141721766  9.474694300983604  0
10  0.0563027603829277  0.04984666490205547  47.81125842769181  9.452732194427028  0
10  0.05884945483502396  0.0520681129273675  48.28333415735103  9.42982413537744  0
10  0.06150962197652135  0.054387588722836853  48.75424034365365  9.405930871820384  0
10  0.0642882660539875  0.05680928472834121  49.22392672830893  9.381011822714207  0
10  0.0671906049053705  0.05933755400480762  49.69234099071236  9.355025076822104  0
10  0.0702220780824325  0.06197691375297766  50.159428681500195  9.327927399251678  0
10  0.07338835514178052  0.06473204850473264  50.625133156640025  9.299674247033357  0
10  0.0766953440863539  0.06760781291156034  51.08939551254464  9.27021979524282  0
10  0.08014919993521431  0.07060923404455047  51.55215452277644  9.239516975364737  0
10  0.08375633339493622  0.07374151310908844  52.01334657699945  9.207517527806505  0
10  0.08752341960075986  0.07701002646513476  52.472905622937084  9.17417207070235  0
10  0.09145740688989315  0.0804203258306066  52.93076311220669  9.139430187400604  0
10  0.09556552556287629  0.08397813753091786  53.38684795102838  9.1032405353006  0
10  0.09985529658170075  0.08768936064221172  53.84108645694579  9.065550978999985  0
10  0.10433454014535051  0.09156006385930587  54.293402322852316  9.026308751027694  0
10  0.1090113840745597  0.09559648090198414  54.74371658978806  8.985460643770262  0
10  0.1138942719278193  0.09980500425519512  55.191947630161664  8.942953236547035  0
10  0.11899197075998515  0.10419217702022401  55.638011143257955  8.898733162148607  0
10  0.12431357842322874  0.10876468263535344  56.081820165116795  8.852747417516767  0
10  0.12986853029753861  0.11352933220640647  56.523285095111895  8.80494372360521  0
10  0.13566660532455782  0.11849304917049798  56.96231374181891  8.755270939807918  0
10  0.1417179312043038  0.12366285100110061  57.398811391040006  8.703679538663048  0
10  0.1480329885993746  0.12904582765014708  57.83268089914499  8.65012214681761  0
10  0.1546226141757692  0.1346491164145425  58.26382281519448  8.594554158451906  0
10  0.16149800229367453  0.14047987291159497  58.69213553562496  8.536934427487541  0
10  0.1686707051458115  0.14654523785219428  59.117515495593345  8.47722604490975  0
10  0.17615263112559124  0.15285229931405314  59.53985740139356  8.415397207389406  0
10  0.18395604119292305  0.15940805024222288  59.959054508661225  8.35142218305327  0
10  0.19209354299266732  0.16621934094290663  60.37499895136322  8.285282379679028  0
10  0.20057808247019857  0.17329282639203694  60.78758212681556  8.216967519736416  0
10  0.20942293272124238  0.18063490825501993  61.196695142168146  8.146476925506471  0
10  0.21864167981011584  0.1882516716113726  61.602229327922466  8.073820915935544  0
10  0.2282482052929306  0.19614881650046678  62.0040768240861  7.999022314868509  0
10  0.23825666519153105  0.20433158455469158  62.40213124449418  7.922118067810819  0
10  0.24868146518137463  0.21280468116590712  62.79628842461632  7.843160961355236  0
10  0.2595372317837237  0.2215721938410154  63.18644725779249  7.762221435854903  0
10  0.27083877939093814  0.23063750764244068  63.5725106242745  7.679389477830052  0
10  0.282601073004804  0.24000321887717466  63.9543864166656  7.594776573990625  0
10  0.29483918663302194  0.2496710484894923  64.33198866432348  7.5085177037078354  0
10  0.30756825736924964  0.25964175692053776  64.70523875800338  7.420773341386307  0
10  0.320803435278067  0.2699150625127534  65.07406677445316  7.331731434638859  0
10  0.33455982931795336  0.28048956584533513  65.43841289882884  7.241609318670288  0
10  0.3488524496621361  0.2913626826719636  65.79822894068556  7.15065552211621  0
10  0.36369614691737057  0.3025305883742806  66.15347993693968  7.059151415096879  0
10  0.37910554889168346  0.31398817702172604  66.50414583263613  6.967412646821376  0
10  0.3950949957200135  0.3257290382166765  66.85022322765383  6.875790318134558  0
10  0.4116784743164857  0.33774545487957774  67.19172717472587  6.784671834366147  0
10  0.42886955327754805  0.35002842497010317  67.52869301144672  6.694481386123402  0
10  0.4466813195041668  0.3625677098297376  67.86117820641012  6.605680010607883  0
10  0.4651263179357582  0.37535191135782925  68.18926419740997  6.518765193868824  0
10  0.484216495885241  0.3883685795956794  68.51305819789  6.4342699852153045  0
10  0.5039631535254181  0.4016043515018222  68.83269494669598  6.352761608691045  0
10  0.5243769020945629  0.4150451207795228  69.148338375804  6.274839572743448  0
10  0.5454676313578075  0.42867623760148227  69.46018317118755  6.201133297433999  0
10  0.5672444877770928  0.4424827360162171  69.76845620342512  6.132299297958788  0
10  0.5897158647051911  0.45644958577528033  70.07341780708003  6.069017982905764  0
10  0.6128894057309997  0.4705619643564785  70.37536289128818  6.011990144471691  0
10  0.6367720220696615  0.4848055441428105  70.674621868298  5.961933234654216  0
10  0.6613699246211775  0.4991667891126003  70.97156139179123  5.919577535133746  0
10  0.6866886710270249  0.5136332550550949  71.26658490249223  5.88566233823283  0
10  0.7127332277501558  0.5281938872833776  71.56013298462778  5.860932261305139  0
10  0.7395080469051969  0.542839310088405  71.85268354297737  5.846133816804742  0
10  0.7670171572885512  0.5575621027577276  72.14475181630068  5.842012355130525  0
10  0.7952642688173525  0.5723570578415226  72.43689024859535  5.8493094875152885  0
10  0.8242528893948561  0.5872214184392398  72.72968824470459  5.868761082459227  0
10  0.8539864530880548  0.6021550925400752  73.02377184108599  5.9010959124886995  0
10  0.8844684584378657  0.617160843808756  73.31980332594898  5.9470350095237166  0
10  0.9157026157262567  0.6322444595919194  73.6184808454112  6.007291768096934  0
10  0.9476930020976608  0.6474148982613794  73.9205380338155  6.082572817272422  0
10  0.9804442235702359  0.6626844192504169  74.22674370695172  6.173579665408332  0
10  1.0139615831696056  0.678068700233201  74.5379016567464  6.281011107713389  0
10  1.04825125466546  0.6935869468165198  74.85485058516457  6.405566375404683  0
10  1.083320461680511  0.7092620008436145  75.17846421377004  6.547948997419505  0
10  1.1191776622622163  0.7251204539520736  75.50965160378328  6.708871340990298  0
10  1.1558327393511145  0.7411927733913698  75.84935771971219  6.8890597955768165  0
10  1.1932971979369407  0.7575134473055992  76.19856426783932  7.0892605649836975  0
10  1.2315843700571294  0.77412115673704  76.55829083911676  7.310246033996168  0
10  1.2707096291546012  0.7910589815114966  76.92959638437651  7.552821677236478  0
10  1.3106906156655835  0.8083746469148483  77.31358104816543  7.8178334774763645  0
10  1.3515474760451713  0.8261208176209099  77.71138838582075  8.106175816102201  0
10  1.3933031177469584  0.844355444599047  78.1242079863434  8.418799786826563  0
10  1.4359834829364133  0.8631421695665633  78.55327852076495  8.756721860962857  0
10  1.479617843909301  0.8825507897108543  78.99989123135599  9.121032792856221  0
10  1.5242391232647952  0.9026577825041018  79.46539387017003  9.51290658914156  0
10  1.5698842417828471  0.9235468858747324  79.95119508454984  9.933609263434978  0
